county,precinct,office,district,party,candidate,votes,vtd
Crawford,Arcadia,Court of Appeals Judge,4,,"Warner, Sarah E. - ""YES""",82,000010
Crawford,Arcadia,Court of Appeals Judge,4,,"Warner, Sarah E. - ""NO""",43,000010
Crawford,Arcadia,Court of Appeals Judge,6,,"Bruns, David E. - ""YES""",77,000010
Crawford,Arcadia,Court of Appeals Judge,6,,"Bruns, David E. - ""NO""",44,000010
Crawford,Arcadia,Court of Appeals Judge,8,,"Atcheson, G. Gordon - ""YES""",75,000010
Crawford,Arcadia,Court of Appeals Judge,8,,"Atcheson, G. Gordon - ""NO""",44,000010
Crawford,Arcadia,Court of Appeals Judge,9,,"Arnold-Burger, Karen M. - ""YES""",73,000010
Crawford,Arcadia,Court of Appeals Judge,9,,"Arnold-Burger, Karen M. - ""NO""",47,000010
Crawford,Arcadia,Court of Appeals Judge,14,,"Gardner, Kathryn - ""YES""",77,000010
Crawford,Arcadia,Court of Appeals Judge,14,,"Gardner, Kathryn - ""NO""",43,000010
Crawford,Baker,Court of Appeals Judge,4,,"Warner, Sarah E. - ""YES""",375,000020
Crawford,Baker,Court of Appeals Judge,4,,"Warner, Sarah E. - ""NO""",105,000020
Crawford,Baker,Court of Appeals Judge,6,,"Bruns, David E. - ""YES""",360,000020
Crawford,Baker,Court of Appeals Judge,6,,"Bruns, David E. - ""NO""",115,000020
Crawford,Baker,Court of Appeals Judge,8,,"Atcheson, G. Gordon - ""YES""",328,000020
Crawford,Baker,Court of Appeals Judge,8,,"Atcheson, G. Gordon - ""NO""",148,000020
Crawford,Baker,Court of Appeals Judge,9,,"Arnold-Burger, Karen M. - ""YES""",329,000020
Crawford,Baker,Court of Appeals Judge,9,,"Arnold-Burger, Karen M. - ""NO""",147,000020
Crawford,Baker,Court of Appeals Judge,14,,"Gardner, Kathryn - ""YES""",357,000020
Crawford,Baker,Court of Appeals Judge,14,,"Gardner, Kathryn - ""NO""",120,000020
Crawford,Beulah,Court of Appeals Judge,4,,"Warner, Sarah E. - ""YES""",83,000030
Crawford,Beulah,Court of Appeals Judge,4,,"Warner, Sarah E. - ""NO""",47,000030
Crawford,Beulah,Court of Appeals Judge,6,,"Bruns, David E. - ""YES""",86,000030
Crawford,Beulah,Court of Appeals Judge,6,,"Bruns, David E. - ""NO""",42,000030
Crawford,Beulah,Court of Appeals Judge,8,,"Atcheson, G. Gordon - ""YES""",74,000030
Crawford,Beulah,Court of Appeals Judge,8,,"Atcheson, G. Gordon - ""NO""",53,000030
Crawford,Beulah,Court of Appeals Judge,9,,"Arnold-Burger, Karen M. - ""YES""",76,000030
Crawford,Beulah,Court of Appeals Judge,9,,"Arnold-Burger, Karen M. - ""NO""",51,000030
Crawford,Beulah,Court of Appeals Judge,14,,"Gardner, Kathryn - ""YES""",81,000030
Crawford,Beulah,Court of Appeals Judge,14,,"Gardner, Kathryn - ""NO""",47,000030
Crawford,Sheridan - Cherokee City,Court of Appeals Judge,4,,"Warner, Sarah E. - ""YES""",32,000033
Crawford,Sheridan - Cherokee City,Court of Appeals Judge,4,,"Warner, Sarah E. - ""NO""",17,000033
Crawford,Sheridan - Cherokee City,Court of Appeals Judge,6,,"Bruns, David E. - ""YES""",34,000033
Crawford,Sheridan - Cherokee City,Court of Appeals Judge,6,,"Bruns, David E. - ""NO""",14,000033
Crawford,Sheridan - Cherokee City,Court of Appeals Judge,8,,"Atcheson, G. Gordon - ""YES""",28,000033
Crawford,Sheridan - Cherokee City,Court of Appeals Judge,8,,"Atcheson, G. Gordon - ""NO""",21,000033
Crawford,Sheridan - Cherokee City,Court of Appeals Judge,9,,"Arnold-Burger, Karen M. - ""YES""",31,000033
Crawford,Sheridan - Cherokee City,Court of Appeals Judge,9,,"Arnold-Burger, Karen M. - ""NO""",18,000033
Crawford,Sheridan - Cherokee City,Court of Appeals Judge,14,,"Gardner, Kathryn - ""YES""",31,000033
Crawford,Sheridan - Cherokee City,Court of Appeals Judge,14,,"Gardner, Kathryn - ""NO""",16,000033
Crawford,Brazilton,Court of Appeals Judge,4,,"Warner, Sarah E. - ""YES""",19,000040
Crawford,Brazilton,Court of Appeals Judge,4,,"Warner, Sarah E. - ""NO""",17,000040
Crawford,Brazilton,Court of Appeals Judge,6,,"Bruns, David E. - ""YES""",19,000040
Crawford,Brazilton,Court of Appeals Judge,6,,"Bruns, David E. - ""NO""",18,000040
Crawford,Brazilton,Court of Appeals Judge,8,,"Atcheson, G. Gordon - ""YES""",20,000040
Crawford,Brazilton,Court of Appeals Judge,8,,"Atcheson, G. Gordon - ""NO""",15,000040
Crawford,Brazilton,Court of Appeals Judge,9,,"Arnold-Burger, Karen M. - ""YES""",19,000040
Crawford,Brazilton,Court of Appeals Judge,9,,"Arnold-Burger, Karen M. - ""NO""",18,000040
Crawford,Brazilton,Court of Appeals Judge,14,,"Gardner, Kathryn - ""YES""",20,000040
Crawford,Brazilton,Court of Appeals Judge,14,,"Gardner, Kathryn - ""NO""",13,000040
Crawford,Capaldo,Court of Appeals Judge,4,,"Warner, Sarah E. - ""YES""",175,000050
Crawford,Capaldo,Court of Appeals Judge,4,,"Warner, Sarah E. - ""NO""",53,000050
Crawford,Capaldo,Court of Appeals Judge,6,,"Bruns, David E. - ""YES""",172,000050
Crawford,Capaldo,Court of Appeals Judge,6,,"Bruns, David E. - ""NO""",53,000050
Crawford,Capaldo,Court of Appeals Judge,8,,"Atcheson, G. Gordon - ""YES""",156,000050
Crawford,Capaldo,Court of Appeals Judge,8,,"Atcheson, G. Gordon - ""NO""",69,000050
Crawford,Capaldo,Court of Appeals Judge,9,,"Arnold-Burger, Karen M. - ""YES""",162,000050
Crawford,Capaldo,Court of Appeals Judge,9,,"Arnold-Burger, Karen M. - ""NO""",64,000050
Crawford,Capaldo,Court of Appeals Judge,14,,"Gardner, Kathryn - ""YES""",168,000050
Crawford,Capaldo,Court of Appeals Judge,14,,"Gardner, Kathryn - ""NO""",59,000050
Crawford,Cherokee,Court of Appeals Judge,4,,"Warner, Sarah E. - ""YES""",133,000060
Crawford,Cherokee,Court of Appeals Judge,4,,"Warner, Sarah E. - ""NO""",89,000060
Crawford,Cherokee,Court of Appeals Judge,6,,"Bruns, David E. - ""YES""",135,000060
Crawford,Cherokee,Court of Appeals Judge,6,,"Bruns, David E. - ""NO""",84,000060
Crawford,Cherokee,Court of Appeals Judge,8,,"Atcheson, G. Gordon - ""YES""",104,000060
Crawford,Cherokee,Court of Appeals Judge,8,,"Atcheson, G. Gordon - ""NO""",112,000060
Crawford,Cherokee,Court of Appeals Judge,9,,"Arnold-Burger, Karen M. - ""YES""",106,000060
Crawford,Cherokee,Court of Appeals Judge,9,,"Arnold-Burger, Karen M. - ""NO""",111,000060
Crawford,Cherokee,Court of Appeals Judge,14,,"Gardner, Kathryn - ""YES""",138,000060
Crawford,Cherokee,Court of Appeals Judge,14,,"Gardner, Kathryn - ""NO""",80,000060
Crawford,Chicopee,Court of Appeals Judge,4,,"Warner, Sarah E. - ""YES""",211,000070
Crawford,Chicopee,Court of Appeals Judge,4,,"Warner, Sarah E. - ""NO""",90,000070
Crawford,Chicopee,Court of Appeals Judge,6,,"Bruns, David E. - ""YES""",205,000070
Crawford,Chicopee,Court of Appeals Judge,6,,"Bruns, David E. - ""NO""",92,000070
Crawford,Chicopee,Court of Appeals Judge,8,,"Atcheson, G. Gordon - ""YES""",184,000070
Crawford,Chicopee,Court of Appeals Judge,8,,"Atcheson, G. Gordon - ""NO""",113,000070
Crawford,Chicopee,Court of Appeals Judge,9,,"Arnold-Burger, Karen M. - ""YES""",191,000070
Crawford,Chicopee,Court of Appeals Judge,9,,"Arnold-Burger, Karen M. - ""NO""",107,000070
Crawford,Chicopee,Court of Appeals Judge,14,,"Gardner, Kathryn - ""YES""",210,000070
Crawford,Chicopee,Court of Appeals Judge,14,,"Gardner, Kathryn - ""NO""",86,000070
Crawford,Crawford,Court of Appeals Judge,4,,"Warner, Sarah E. - ""YES""",149,000080
Crawford,Crawford,Court of Appeals Judge,4,,"Warner, Sarah E. - ""NO""",69,000080
Crawford,Crawford,Court of Appeals Judge,6,,"Bruns, David E. - ""YES""",140,000080
Crawford,Crawford,Court of Appeals Judge,6,,"Bruns, David E. - ""NO""",77,000080
Crawford,Crawford,Court of Appeals Judge,8,,"Atcheson, G. Gordon - ""YES""",127,000080
Crawford,Crawford,Court of Appeals Judge,8,,"Atcheson, G. Gordon - ""NO""",91,000080
Crawford,Crawford,Court of Appeals Judge,9,,"Arnold-Burger, Karen M. - ""YES""",130,000080
Crawford,Crawford,Court of Appeals Judge,9,,"Arnold-Burger, Karen M. - ""NO""",86,000080
Crawford,Crawford,Court of Appeals Judge,14,,"Gardner, Kathryn - ""YES""",146,000080
Crawford,Crawford,Court of Appeals Judge,14,,"Gardner, Kathryn - ""NO""",71,000080
Crawford,Crowe,Court of Appeals Judge,4,,"Warner, Sarah E. - ""YES""",72,000090
Crawford,Crowe,Court of Appeals Judge,4,,"Warner, Sarah E. - ""NO""",30,000090
Crawford,Crowe,Court of Appeals Judge,6,,"Bruns, David E. - ""YES""",69,000090
Crawford,Crowe,Court of Appeals Judge,6,,"Bruns, David E. - ""NO""",31,000090
Crawford,Crowe,Court of Appeals Judge,8,,"Atcheson, G. Gordon - ""YES""",64,000090
Crawford,Crowe,Court of Appeals Judge,8,,"Atcheson, G. Gordon - ""NO""",35,000090
Crawford,Crowe,Court of Appeals Judge,9,,"Arnold-Burger, Karen M. - ""YES""",68,000090
Crawford,Crowe,Court of Appeals Judge,9,,"Arnold-Burger, Karen M. - ""NO""",33,000090
Crawford,Crowe,Court of Appeals Judge,14,,"Gardner, Kathryn - ""YES""",75,000090
Crawford,Crowe,Court of Appeals Judge,14,,"Gardner, Kathryn - ""NO""",26,000090
Crawford,Frontenac Ward 1,Court of Appeals Judge,4,,"Warner, Sarah E. - ""YES""",318,000110
Crawford,Frontenac Ward 1,Court of Appeals Judge,4,,"Warner, Sarah E. - ""NO""",118,000110
Crawford,Frontenac Ward 1,Court of Appeals Judge,6,,"Bruns, David E. - ""YES""",296,000110
Crawford,Frontenac Ward 1,Court of Appeals Judge,6,,"Bruns, David E. - ""NO""",132,000110
Crawford,Frontenac Ward 1,Court of Appeals Judge,8,,"Atcheson, G. Gordon - ""YES""",284,000110
Crawford,Frontenac Ward 1,Court of Appeals Judge,8,,"Atcheson, G. Gordon - ""NO""",143,000110
Crawford,Frontenac Ward 1,Court of Appeals Judge,9,,"Arnold-Burger, Karen M. - ""YES""",290,000110
Crawford,Frontenac Ward 1,Court of Appeals Judge,9,,"Arnold-Burger, Karen M. - ""NO""",136,000110
Crawford,Frontenac Ward 1,Court of Appeals Judge,14,,"Gardner, Kathryn - ""YES""",301,000110
Crawford,Frontenac Ward 1,Court of Appeals Judge,14,,"Gardner, Kathryn - ""NO""",122,000110
Crawford,Frontenac Ward 2,Court of Appeals Judge,4,,"Warner, Sarah E. - ""YES""",447,00012A
Crawford,Frontenac Ward 2,Court of Appeals Judge,4,,"Warner, Sarah E. - ""NO""",145,00012A
Crawford,Frontenac Ward 2,Court of Appeals Judge,6,,"Bruns, David E. - ""YES""",419,00012A
Crawford,Frontenac Ward 2,Court of Appeals Judge,6,,"Bruns, David E. - ""NO""",169,00012A
Crawford,Frontenac Ward 2,Court of Appeals Judge,8,,"Atcheson, G. Gordon - ""YES""",395,00012A
Crawford,Frontenac Ward 2,Court of Appeals Judge,8,,"Atcheson, G. Gordon - ""NO""",185,00012A
Crawford,Frontenac Ward 2,Court of Appeals Judge,9,,"Arnold-Burger, Karen M. - ""YES""",395,00012A
Crawford,Frontenac Ward 2,Court of Appeals Judge,9,,"Arnold-Burger, Karen M. - ""NO""",188,00012A
Crawford,Frontenac Ward 2,Court of Appeals Judge,14,,"Gardner, Kathryn - ""YES""",429,00012A
Crawford,Frontenac Ward 2,Court of Appeals Judge,14,,"Gardner, Kathryn - ""NO""",154,00012A
Crawford,Frontenac Ward 3,Court of Appeals Judge,4,,"Warner, Sarah E. - ""YES""",174,00013A
Crawford,Frontenac Ward 3,Court of Appeals Judge,4,,"Warner, Sarah E. - ""NO""",61,00013A
Crawford,Frontenac Ward 3,Court of Appeals Judge,6,,"Bruns, David E. - ""YES""",165,00013A
Crawford,Frontenac Ward 3,Court of Appeals Judge,6,,"Bruns, David E. - ""NO""",67,00013A
Crawford,Frontenac Ward 3,Court of Appeals Judge,8,,"Atcheson, G. Gordon - ""YES""",154,00013A
Crawford,Frontenac Ward 3,Court of Appeals Judge,8,,"Atcheson, G. Gordon - ""NO""",82,00013A
Crawford,Frontenac Ward 3,Court of Appeals Judge,9,,"Arnold-Burger, Karen M. - ""YES""",161,00013A
Crawford,Frontenac Ward 3,Court of Appeals Judge,9,,"Arnold-Burger, Karen M. - ""NO""",73,00013A
Crawford,Frontenac Ward 3,Court of Appeals Judge,14,,"Gardner, Kathryn - ""YES""",169,00013A
Crawford,Frontenac Ward 3,Court of Appeals Judge,14,,"Gardner, Kathryn - ""NO""",65,00013A
Crawford,Frontenac Ward 3 Industrial Park,Court of Appeals Judge,4,,"Warner, Sarah E. - ""YES""",0,00013B
Crawford,Frontenac Ward 3 Industrial Park,Court of Appeals Judge,4,,"Warner, Sarah E. - ""NO""",0,00013B
Crawford,Frontenac Ward 3 Industrial Park,Court of Appeals Judge,6,,"Bruns, David E. - ""YES""",0,00013B
Crawford,Frontenac Ward 3 Industrial Park,Court of Appeals Judge,6,,"Bruns, David E. - ""NO""",0,00013B
Crawford,Frontenac Ward 3 Industrial Park,Court of Appeals Judge,8,,"Atcheson, G. Gordon - ""YES""",0,00013B
Crawford,Frontenac Ward 3 Industrial Park,Court of Appeals Judge,8,,"Atcheson, G. Gordon - ""NO""",0,00013B
Crawford,Frontenac Ward 3 Industrial Park,Court of Appeals Judge,9,,"Arnold-Burger, Karen M. - ""YES""",0,00013B
Crawford,Frontenac Ward 3 Industrial Park,Court of Appeals Judge,9,,"Arnold-Burger, Karen M. - ""NO""",0,00013B
Crawford,Frontenac Ward 3 Industrial Park,Court of Appeals Judge,14,,"Gardner, Kathryn - ""YES""",0,00013B
Crawford,Frontenac Ward 3 Industrial Park,Court of Appeals Judge,14,,"Gardner, Kathryn - ""NO""",0,00013B
Crawford,Frontenac Ward 4,Court of Appeals Judge,4,,"Warner, Sarah E. - ""YES""",168,00014A
Crawford,Frontenac Ward 4,Court of Appeals Judge,4,,"Warner, Sarah E. - ""NO""",47,00014A
Crawford,Frontenac Ward 4,Court of Appeals Judge,6,,"Bruns, David E. - ""YES""",159,00014A
Crawford,Frontenac Ward 4,Court of Appeals Judge,6,,"Bruns, David E. - ""NO""",57,00014A
Crawford,Frontenac Ward 4,Court of Appeals Judge,8,,"Atcheson, G. Gordon - ""YES""",146,00014A
Crawford,Frontenac Ward 4,Court of Appeals Judge,8,,"Atcheson, G. Gordon - ""NO""",69,00014A
Crawford,Frontenac Ward 4,Court of Appeals Judge,9,,"Arnold-Burger, Karen M. - ""YES""",152,00014A
Crawford,Frontenac Ward 4,Court of Appeals Judge,9,,"Arnold-Burger, Karen M. - ""NO""",60,00014A
Crawford,Frontenac Ward 4,Court of Appeals Judge,14,,"Gardner, Kathryn - ""YES""",161,00014A
Crawford,Frontenac Ward 4,Court of Appeals Judge,14,,"Gardner, Kathryn - ""NO""",53,00014A
Crawford,Girard Ward 1,Court of Appeals Judge,4,,"Warner, Sarah E. - ""YES""",80,000150
Crawford,Girard Ward 1,Court of Appeals Judge,4,,"Warner, Sarah E. - ""NO""",43,000150
Crawford,Girard Ward 1,Court of Appeals Judge,6,,"Bruns, David E. - ""YES""",83,000150
Crawford,Girard Ward 1,Court of Appeals Judge,6,,"Bruns, David E. - ""NO""",39,000150
Crawford,Girard Ward 1,Court of Appeals Judge,8,,"Atcheson, G. Gordon - ""YES""",74,000150
Crawford,Girard Ward 1,Court of Appeals Judge,8,,"Atcheson, G. Gordon - ""NO""",47,000150
Crawford,Girard Ward 1,Court of Appeals Judge,9,,"Arnold-Burger, Karen M. - ""YES""",75,000150
Crawford,Girard Ward 1,Court of Appeals Judge,9,,"Arnold-Burger, Karen M. - ""NO""",46,000150
Crawford,Girard Ward 1,Court of Appeals Judge,14,,"Gardner, Kathryn - ""YES""",83,000150
Crawford,Girard Ward 1,Court of Appeals Judge,14,,"Gardner, Kathryn - ""NO""",38,000150
Crawford,Girard Ward 2,Court of Appeals Judge,4,,"Warner, Sarah E. - ""YES""",264,00016A
Crawford,Girard Ward 2,Court of Appeals Judge,4,,"Warner, Sarah E. - ""NO""",93,00016A
Crawford,Girard Ward 2,Court of Appeals Judge,6,,"Bruns, David E. - ""YES""",258,00016A
Crawford,Girard Ward 2,Court of Appeals Judge,6,,"Bruns, David E. - ""NO""",91,00016A
Crawford,Girard Ward 2,Court of Appeals Judge,8,,"Atcheson, G. Gordon - ""YES""",241,00016A
Crawford,Girard Ward 2,Court of Appeals Judge,8,,"Atcheson, G. Gordon - ""NO""",110,00016A
Crawford,Girard Ward 2,Court of Appeals Judge,9,,"Arnold-Burger, Karen M. - ""YES""",235,00016A
Crawford,Girard Ward 2,Court of Appeals Judge,9,,"Arnold-Burger, Karen M. - ""NO""",114,00016A
Crawford,Girard Ward 2,Court of Appeals Judge,14,,"Gardner, Kathryn - ""YES""",258,00016A
Crawford,Girard Ward 2,Court of Appeals Judge,14,,"Gardner, Kathryn - ""NO""",92,00016A
Crawford,Girard Ward 3,Court of Appeals Judge,4,,"Warner, Sarah E. - ""YES""",161,00017A
Crawford,Girard Ward 3,Court of Appeals Judge,4,,"Warner, Sarah E. - ""NO""",65,00017A
Crawford,Girard Ward 3,Court of Appeals Judge,6,,"Bruns, David E. - ""YES""",157,00017A
Crawford,Girard Ward 3,Court of Appeals Judge,6,,"Bruns, David E. - ""NO""",66,00017A
Crawford,Girard Ward 3,Court of Appeals Judge,8,,"Atcheson, G. Gordon - ""YES""",152,00017A
Crawford,Girard Ward 3,Court of Appeals Judge,8,,"Atcheson, G. Gordon - ""NO""",72,00017A
Crawford,Girard Ward 3,Court of Appeals Judge,9,,"Arnold-Burger, Karen M. - ""YES""",153,00017A
Crawford,Girard Ward 3,Court of Appeals Judge,9,,"Arnold-Burger, Karen M. - ""NO""",68,00017A
Crawford,Girard Ward 3,Court of Appeals Judge,14,,"Gardner, Kathryn - ""YES""",160,00017A
Crawford,Girard Ward 3,Court of Appeals Judge,14,,"Gardner, Kathryn - ""NO""",60,00017A
Crawford,Girard Ward 3 Exclave Golf Course,Court of Appeals Judge,4,,"Warner, Sarah E. - ""YES""",0,00017B
Crawford,Girard Ward 3 Exclave Golf Course,Court of Appeals Judge,4,,"Warner, Sarah E. - ""NO""",0,00017B
Crawford,Girard Ward 3 Exclave Golf Course,Court of Appeals Judge,6,,"Bruns, David E. - ""YES""",0,00017B
Crawford,Girard Ward 3 Exclave Golf Course,Court of Appeals Judge,6,,"Bruns, David E. - ""NO""",0,00017B
Crawford,Girard Ward 3 Exclave Golf Course,Court of Appeals Judge,8,,"Atcheson, G. Gordon - ""YES""",0,00017B
Crawford,Girard Ward 3 Exclave Golf Course,Court of Appeals Judge,8,,"Atcheson, G. Gordon - ""NO""",0,00017B
Crawford,Girard Ward 3 Exclave Golf Course,Court of Appeals Judge,9,,"Arnold-Burger, Karen M. - ""YES""",0,00017B
Crawford,Girard Ward 3 Exclave Golf Course,Court of Appeals Judge,9,,"Arnold-Burger, Karen M. - ""NO""",0,00017B
Crawford,Girard Ward 3 Exclave Golf Course,Court of Appeals Judge,14,,"Gardner, Kathryn - ""YES""",0,00017B
Crawford,Girard Ward 3 Exclave Golf Course,Court of Appeals Judge,14,,"Gardner, Kathryn - ""NO""",0,00017B
Crawford,Girard Ward 4,Court of Appeals Judge,4,,"Warner, Sarah E. - ""YES""",240,000180
Crawford,Girard Ward 4,Court of Appeals Judge,4,,"Warner, Sarah E. - ""NO""",83,000180
Crawford,Girard Ward 4,Court of Appeals Judge,6,,"Bruns, David E. - ""YES""",236,000180
Crawford,Girard Ward 4,Court of Appeals Judge,6,,"Bruns, David E. - ""NO""",86,000180
Crawford,Girard Ward 4,Court of Appeals Judge,8,,"Atcheson, G. Gordon - ""YES""",223,000180
Crawford,Girard Ward 4,Court of Appeals Judge,8,,"Atcheson, G. Gordon - ""NO""",100,000180
Crawford,Girard Ward 4,Court of Appeals Judge,9,,"Arnold-Burger, Karen M. - ""YES""",211,000180
Crawford,Girard Ward 4,Court of Appeals Judge,9,,"Arnold-Burger, Karen M. - ""NO""",110,000180
Crawford,Girard Ward 4,Court of Appeals Judge,14,,"Gardner, Kathryn - ""YES""",224,000180
Crawford,Girard Ward 4,Court of Appeals Judge,14,,"Gardner, Kathryn - ""NO""",96,000180
Crawford,Grant,Court of Appeals Judge,4,,"Warner, Sarah E. - ""YES""",78,000190
Crawford,Grant,Court of Appeals Judge,4,,"Warner, Sarah E. - ""NO""",35,000190
Crawford,Grant,Court of Appeals Judge,6,,"Bruns, David E. - ""YES""",79,000190
Crawford,Grant,Court of Appeals Judge,6,,"Bruns, David E. - ""NO""",34,000190
Crawford,Grant,Court of Appeals Judge,8,,"Atcheson, G. Gordon - ""YES""",63,000190
Crawford,Grant,Court of Appeals Judge,8,,"Atcheson, G. Gordon - ""NO""",50,000190
Crawford,Grant,Court of Appeals Judge,9,,"Arnold-Burger, Karen M. - ""YES""",63,000190
Crawford,Grant,Court of Appeals Judge,9,,"Arnold-Burger, Karen M. - ""NO""",50,000190
Crawford,Grant,Court of Appeals Judge,14,,"Gardner, Kathryn - ""YES""",76,000190
Crawford,Grant,Court of Appeals Judge,14,,"Gardner, Kathryn - ""NO""",36,000190
Crawford,Hepler,Court of Appeals Judge,4,,"Warner, Sarah E. - ""YES""",30,000200
Crawford,Hepler,Court of Appeals Judge,4,,"Warner, Sarah E. - ""NO""",8,000200
Crawford,Hepler,Court of Appeals Judge,6,,"Bruns, David E. - ""YES""",28,000200
Crawford,Hepler,Court of Appeals Judge,6,,"Bruns, David E. - ""NO""",9,000200
Crawford,Hepler,Court of Appeals Judge,8,,"Atcheson, G. Gordon - ""YES""",29,000200
Crawford,Hepler,Court of Appeals Judge,8,,"Atcheson, G. Gordon - ""NO""",7,000200
Crawford,Hepler,Court of Appeals Judge,9,,"Arnold-Burger, Karen M. - ""YES""",27,000200
Crawford,Hepler,Court of Appeals Judge,9,,"Arnold-Burger, Karen M. - ""NO""",9,000200
Crawford,Hepler,Court of Appeals Judge,14,,"Gardner, Kathryn - ""YES""",27,000200
Crawford,Hepler,Court of Appeals Judge,14,,"Gardner, Kathryn - ""NO""",9,000200
Crawford,Lincoln,Court of Appeals Judge,4,,"Warner, Sarah E. - ""YES""",116,000210
Crawford,Lincoln,Court of Appeals Judge,4,,"Warner, Sarah E. - ""NO""",54,000210
Crawford,Lincoln,Court of Appeals Judge,6,,"Bruns, David E. - ""YES""",119,000210
Crawford,Lincoln,Court of Appeals Judge,6,,"Bruns, David E. - ""NO""",50,000210
Crawford,Lincoln,Court of Appeals Judge,8,,"Atcheson, G. Gordon - ""YES""",99,000210
Crawford,Lincoln,Court of Appeals Judge,8,,"Atcheson, G. Gordon - ""NO""",67,000210
Crawford,Lincoln,Court of Appeals Judge,9,,"Arnold-Burger, Karen M. - ""YES""",99,000210
Crawford,Lincoln,Court of Appeals Judge,9,,"Arnold-Burger, Karen M. - ""NO""",65,000210
Crawford,Lincoln,Court of Appeals Judge,14,,"Gardner, Kathryn - ""YES""",114,000210
Crawford,Lincoln,Court of Appeals Judge,14,,"Gardner, Kathryn - ""NO""",52,000210
Crawford,Lone Star,Court of Appeals Judge,4,,"Warner, Sarah E. - ""YES""",406,00022A
Crawford,Lone Star,Court of Appeals Judge,4,,"Warner, Sarah E. - ""NO""",136,00022A
Crawford,Lone Star,Court of Appeals Judge,6,,"Bruns, David E. - ""YES""",384,00022A
Crawford,Lone Star,Court of Appeals Judge,6,,"Bruns, David E. - ""NO""",151,00022A
Crawford,Lone Star,Court of Appeals Judge,8,,"Atcheson, G. Gordon - ""YES""",357,00022A
Crawford,Lone Star,Court of Appeals Judge,8,,"Atcheson, G. Gordon - ""NO""",181,00022A
Crawford,Lone Star,Court of Appeals Judge,9,,"Arnold-Burger, Karen M. - ""YES""",362,00022A
Crawford,Lone Star,Court of Appeals Judge,9,,"Arnold-Burger, Karen M. - ""NO""",169,00022A
Crawford,Lone Star,Court of Appeals Judge,14,,"Gardner, Kathryn - ""YES""",378,00022A
Crawford,Lone Star,Court of Appeals Judge,14,,"Gardner, Kathryn - ""NO""",155,00022A
Crawford,McCune,Court of Appeals Judge,4,,"Warner, Sarah E. - ""YES""",128,000230
Crawford,McCune,Court of Appeals Judge,4,,"Warner, Sarah E. - ""NO""",46,000230
Crawford,McCune,Court of Appeals Judge,6,,"Bruns, David E. - ""YES""",122,000230
Crawford,McCune,Court of Appeals Judge,6,,"Bruns, David E. - ""NO""",48,000230
Crawford,McCune,Court of Appeals Judge,8,,"Atcheson, G. Gordon - ""YES""",117,000230
Crawford,McCune,Court of Appeals Judge,8,,"Atcheson, G. Gordon - ""NO""",53,000230
Crawford,McCune,Court of Appeals Judge,9,,"Arnold-Burger, Karen M. - ""YES""",116,000230
Crawford,McCune,Court of Appeals Judge,9,,"Arnold-Burger, Karen M. - ""NO""",54,000230
Crawford,McCune,Court of Appeals Judge,14,,"Gardner, Kathryn - ""YES""",127,000230
Crawford,McCune,Court of Appeals Judge,14,,"Gardner, Kathryn - ""NO""",44,000230
Crawford,Mulberry Ward 1,Court of Appeals Judge,4,,"Warner, Sarah E. - ""YES""",53,000240
Crawford,Mulberry Ward 1,Court of Appeals Judge,4,,"Warner, Sarah E. - ""NO""",11,000240
Crawford,Mulberry Ward 1,Court of Appeals Judge,6,,"Bruns, David E. - ""YES""",50,000240
Crawford,Mulberry Ward 1,Court of Appeals Judge,6,,"Bruns, David E. - ""NO""",14,000240
Crawford,Mulberry Ward 1,Court of Appeals Judge,8,,"Atcheson, G. Gordon - ""YES""",49,000240
Crawford,Mulberry Ward 1,Court of Appeals Judge,8,,"Atcheson, G. Gordon - ""NO""",15,000240
Crawford,Mulberry Ward 1,Court of Appeals Judge,9,,"Arnold-Burger, Karen M. - ""YES""",49,000240
Crawford,Mulberry Ward 1,Court of Appeals Judge,9,,"Arnold-Burger, Karen M. - ""NO""",15,000240
Crawford,Mulberry Ward 1,Court of Appeals Judge,14,,"Gardner, Kathryn - ""YES""",51,000240
Crawford,Mulberry Ward 1,Court of Appeals Judge,14,,"Gardner, Kathryn - ""NO""",13,000240
Crawford,Mulberry Ward 2,Court of Appeals Judge,4,,"Warner, Sarah E. - ""YES""",56,000250
Crawford,Mulberry Ward 2,Court of Appeals Judge,4,,"Warner, Sarah E. - ""NO""",25,000250
Crawford,Mulberry Ward 2,Court of Appeals Judge,6,,"Bruns, David E. - ""YES""",53,000250
Crawford,Mulberry Ward 2,Court of Appeals Judge,6,,"Bruns, David E. - ""NO""",27,000250
Crawford,Mulberry Ward 2,Court of Appeals Judge,8,,"Atcheson, G. Gordon - ""YES""",49,000250
Crawford,Mulberry Ward 2,Court of Appeals Judge,8,,"Atcheson, G. Gordon - ""NO""",31,000250
Crawford,Mulberry Ward 2,Court of Appeals Judge,9,,"Arnold-Burger, Karen M. - ""YES""",49,000250
Crawford,Mulberry Ward 2,Court of Appeals Judge,9,,"Arnold-Burger, Karen M. - ""NO""",32,000250
Crawford,Mulberry Ward 2,Court of Appeals Judge,14,,"Gardner, Kathryn - ""YES""",54,000250
Crawford,Mulberry Ward 2,Court of Appeals Judge,14,,"Gardner, Kathryn - ""NO""",27,000250
Crawford,North Arma,Court of Appeals Judge,4,,"Warner, Sarah E. - ""YES""",220,000260
Crawford,North Arma,Court of Appeals Judge,4,,"Warner, Sarah E. - ""NO""",82,000260
Crawford,North Arma,Court of Appeals Judge,6,,"Bruns, David E. - ""YES""",215,000260
Crawford,North Arma,Court of Appeals Judge,6,,"Bruns, David E. - ""NO""",85,000260
Crawford,North Arma,Court of Appeals Judge,8,,"Atcheson, G. Gordon - ""YES""",206,000260
Crawford,North Arma,Court of Appeals Judge,8,,"Atcheson, G. Gordon - ""NO""",95,000260
Crawford,North Arma,Court of Appeals Judge,9,,"Arnold-Burger, Karen M. - ""YES""",201,000260
Crawford,North Arma,Court of Appeals Judge,9,,"Arnold-Burger, Karen M. - ""NO""",95,000260
Crawford,North Arma,Court of Appeals Judge,14,,"Gardner, Kathryn - ""YES""",211,000260
Crawford,North Arma,Court of Appeals Judge,14,,"Gardner, Kathryn - ""NO""",89,000260
Crawford,Opolis,Court of Appeals Judge,4,,"Warner, Sarah E. - ""YES""",125,000270
Crawford,Opolis,Court of Appeals Judge,4,,"Warner, Sarah E. - ""NO""",45,000270
Crawford,Opolis,Court of Appeals Judge,6,,"Bruns, David E. - ""YES""",119,000270
Crawford,Opolis,Court of Appeals Judge,6,,"Bruns, David E. - ""NO""",48,000270
Crawford,Opolis,Court of Appeals Judge,8,,"Atcheson, G. Gordon - ""YES""",110,000270
Crawford,Opolis,Court of Appeals Judge,8,,"Atcheson, G. Gordon - ""NO""",57,000270
Crawford,Opolis,Court of Appeals Judge,9,,"Arnold-Burger, Karen M. - ""YES""",115,000270
Crawford,Opolis,Court of Appeals Judge,9,,"Arnold-Burger, Karen M. - ""NO""",53,000270
Crawford,Opolis,Court of Appeals Judge,14,,"Gardner, Kathryn - ""YES""",123,000270
Crawford,Opolis,Court of Appeals Judge,14,,"Gardner, Kathryn - ""NO""",42,000270
Crawford,Parkview,Court of Appeals Judge,4,,"Warner, Sarah E. - ""YES""",196,000280
Crawford,Parkview,Court of Appeals Judge,4,,"Warner, Sarah E. - ""NO""",72,000280
Crawford,Parkview,Court of Appeals Judge,6,,"Bruns, David E. - ""YES""",190,000280
Crawford,Parkview,Court of Appeals Judge,6,,"Bruns, David E. - ""NO""",75,000280
Crawford,Parkview,Court of Appeals Judge,8,,"Atcheson, G. Gordon - ""YES""",179,000280
Crawford,Parkview,Court of Appeals Judge,8,,"Atcheson, G. Gordon - ""NO""",91,000280
Crawford,Parkview,Court of Appeals Judge,9,,"Arnold-Burger, Karen M. - ""YES""",172,000280
Crawford,Parkview,Court of Appeals Judge,9,,"Arnold-Burger, Karen M. - ""NO""",96,000280
Crawford,Parkview,Court of Appeals Judge,14,,"Gardner, Kathryn - ""YES""",186,000280
Crawford,Parkview,Court of Appeals Judge,14,,"Gardner, Kathryn - ""NO""",82,000280
Crawford,Pittsburg Ward 1 Precinct 1,Court of Appeals Judge,4,,"Warner, Sarah E. - ""YES""",256,000290
Crawford,Pittsburg Ward 1 Precinct 1,Court of Appeals Judge,4,,"Warner, Sarah E. - ""NO""",82,000290
Crawford,Pittsburg Ward 1 Precinct 1,Court of Appeals Judge,6,,"Bruns, David E. - ""YES""",238,000290
Crawford,Pittsburg Ward 1 Precinct 1,Court of Appeals Judge,6,,"Bruns, David E. - ""NO""",98,000290
Crawford,Pittsburg Ward 1 Precinct 1,Court of Appeals Judge,8,,"Atcheson, G. Gordon - ""YES""",234,000290
Crawford,Pittsburg Ward 1 Precinct 1,Court of Appeals Judge,8,,"Atcheson, G. Gordon - ""NO""",102,000290
Crawford,Pittsburg Ward 1 Precinct 1,Court of Appeals Judge,9,,"Arnold-Burger, Karen M. - ""YES""",237,000290
Crawford,Pittsburg Ward 1 Precinct 1,Court of Appeals Judge,9,,"Arnold-Burger, Karen M. - ""NO""",96,000290
Crawford,Pittsburg Ward 1 Precinct 1,Court of Appeals Judge,14,,"Gardner, Kathryn - ""YES""",250,000290
Crawford,Pittsburg Ward 1 Precinct 1,Court of Appeals Judge,14,,"Gardner, Kathryn - ""NO""",91,000290
Crawford,Pittsburg Ward 1 Precinct 2,Court of Appeals Judge,4,,"Warner, Sarah E. - ""YES""",385,000300
Crawford,Pittsburg Ward 1 Precinct 2,Court of Appeals Judge,4,,"Warner, Sarah E. - ""NO""",109,000300
Crawford,Pittsburg Ward 1 Precinct 2,Court of Appeals Judge,6,,"Bruns, David E. - ""YES""",352,000300
Crawford,Pittsburg Ward 1 Precinct 2,Court of Appeals Judge,6,,"Bruns, David E. - ""NO""",133,000300
Crawford,Pittsburg Ward 1 Precinct 2,Court of Appeals Judge,8,,"Atcheson, G. Gordon - ""YES""",347,000300
Crawford,Pittsburg Ward 1 Precinct 2,Court of Appeals Judge,8,,"Atcheson, G. Gordon - ""NO""",141,000300
Crawford,Pittsburg Ward 1 Precinct 2,Court of Appeals Judge,9,,"Arnold-Burger, Karen M. - ""YES""",352,000300
Crawford,Pittsburg Ward 1 Precinct 2,Court of Appeals Judge,9,,"Arnold-Burger, Karen M. - ""NO""",135,000300
Crawford,Pittsburg Ward 1 Precinct 2,Court of Appeals Judge,14,,"Gardner, Kathryn - ""YES""",352,000300
Crawford,Pittsburg Ward 1 Precinct 2,Court of Appeals Judge,14,,"Gardner, Kathryn - ""NO""",133,000300
Crawford,Pittsburg Ward 1 Precinct 3,Court of Appeals Judge,4,,"Warner, Sarah E. - ""YES""",1005,000310
Crawford,Pittsburg Ward 1 Precinct 3,Court of Appeals Judge,4,,"Warner, Sarah E. - ""NO""",244,000310
Crawford,Pittsburg Ward 1 Precinct 3,Court of Appeals Judge,6,,"Bruns, David E. - ""YES""",926,000310
Crawford,Pittsburg Ward 1 Precinct 3,Court of Appeals Judge,6,,"Bruns, David E. - ""NO""",307,000310
Crawford,Pittsburg Ward 1 Precinct 3,Court of Appeals Judge,8,,"Atcheson, G. Gordon - ""YES""",872,000310
Crawford,Pittsburg Ward 1 Precinct 3,Court of Appeals Judge,8,,"Atcheson, G. Gordon - ""NO""",365,000310
Crawford,Pittsburg Ward 1 Precinct 3,Court of Appeals Judge,9,,"Arnold-Burger, Karen M. - ""YES""",891,000310
Crawford,Pittsburg Ward 1 Precinct 3,Court of Appeals Judge,9,,"Arnold-Burger, Karen M. - ""NO""",345,000310
Crawford,Pittsburg Ward 1 Precinct 3,Court of Appeals Judge,14,,"Gardner, Kathryn - ""YES""",940,000310
Crawford,Pittsburg Ward 1 Precinct 3,Court of Appeals Judge,14,,"Gardner, Kathryn - ""NO""",297,000310
Crawford,Pittsburg Ward 2 Precinct 1,Court of Appeals Judge,4,,"Warner, Sarah E. - ""YES""",174,000320
Crawford,Pittsburg Ward 2 Precinct 1,Court of Appeals Judge,4,,"Warner, Sarah E. - ""NO""",49,000320
Crawford,Pittsburg Ward 2 Precinct 1,Court of Appeals Judge,6,,"Bruns, David E. - ""YES""",161,000320
Crawford,Pittsburg Ward 2 Precinct 1,Court of Appeals Judge,6,,"Bruns, David E. - ""NO""",61,000320
Crawford,Pittsburg Ward 2 Precinct 1,Court of Appeals Judge,8,,"Atcheson, G. Gordon - ""YES""",161,000320
Crawford,Pittsburg Ward 2 Precinct 1,Court of Appeals Judge,8,,"Atcheson, G. Gordon - ""NO""",59,000320
Crawford,Pittsburg Ward 2 Precinct 1,Court of Appeals Judge,9,,"Arnold-Burger, Karen M. - ""YES""",163,000320
Crawford,Pittsburg Ward 2 Precinct 1,Court of Appeals Judge,9,,"Arnold-Burger, Karen M. - ""NO""",57,000320
Crawford,Pittsburg Ward 2 Precinct 1,Court of Appeals Judge,14,,"Gardner, Kathryn - ""YES""",167,000320
Crawford,Pittsburg Ward 2 Precinct 1,Court of Appeals Judge,14,,"Gardner, Kathryn - ""NO""",52,000320
Crawford,Pittsburg Ward 2 Precinct 2,Court of Appeals Judge,4,,"Warner, Sarah E. - ""YES""",236,000330
Crawford,Pittsburg Ward 2 Precinct 2,Court of Appeals Judge,4,,"Warner, Sarah E. - ""NO""",54,000330
Crawford,Pittsburg Ward 2 Precinct 2,Court of Appeals Judge,6,,"Bruns, David E. - ""YES""",211,000330
Crawford,Pittsburg Ward 2 Precinct 2,Court of Appeals Judge,6,,"Bruns, David E. - ""NO""",78,000330
Crawford,Pittsburg Ward 2 Precinct 2,Court of Appeals Judge,8,,"Atcheson, G. Gordon - ""YES""",217,000330
Crawford,Pittsburg Ward 2 Precinct 2,Court of Appeals Judge,8,,"Atcheson, G. Gordon - ""NO""",73,000330
Crawford,Pittsburg Ward 2 Precinct 2,Court of Appeals Judge,9,,"Arnold-Burger, Karen M. - ""YES""",223,000330
Crawford,Pittsburg Ward 2 Precinct 2,Court of Appeals Judge,9,,"Arnold-Burger, Karen M. - ""NO""",67,000330
Crawford,Pittsburg Ward 2 Precinct 2,Court of Appeals Judge,14,,"Gardner, Kathryn - ""YES""",212,000330
Crawford,Pittsburg Ward 2 Precinct 2,Court of Appeals Judge,14,,"Gardner, Kathryn - ""NO""",75,000330
Crawford,Pittsburg Ward 2 Precinct 3,Court of Appeals Judge,4,,"Warner, Sarah E. - ""YES""",274,000340
Crawford,Pittsburg Ward 2 Precinct 3,Court of Appeals Judge,4,,"Warner, Sarah E. - ""NO""",85,000340
Crawford,Pittsburg Ward 2 Precinct 3,Court of Appeals Judge,6,,"Bruns, David E. - ""YES""",253,000340
Crawford,Pittsburg Ward 2 Precinct 3,Court of Appeals Judge,6,,"Bruns, David E. - ""NO""",101,000340
Crawford,Pittsburg Ward 2 Precinct 3,Court of Appeals Judge,8,,"Atcheson, G. Gordon - ""YES""",251,000340
Crawford,Pittsburg Ward 2 Precinct 3,Court of Appeals Judge,8,,"Atcheson, G. Gordon - ""NO""",107,000340
Crawford,Pittsburg Ward 2 Precinct 3,Court of Appeals Judge,9,,"Arnold-Burger, Karen M. - ""YES""",251,000340
Crawford,Pittsburg Ward 2 Precinct 3,Court of Appeals Judge,9,,"Arnold-Burger, Karen M. - ""NO""",103,000340
Crawford,Pittsburg Ward 2 Precinct 3,Court of Appeals Judge,14,,"Gardner, Kathryn - ""YES""",255,000340
Crawford,Pittsburg Ward 2 Precinct 3,Court of Appeals Judge,14,,"Gardner, Kathryn - ""NO""",101,000340
Crawford,Pittsburg Ward 2 Precinct 4,Court of Appeals Judge,4,,"Warner, Sarah E. - ""YES""",247,000350
Crawford,Pittsburg Ward 2 Precinct 4,Court of Appeals Judge,4,,"Warner, Sarah E. - ""NO""",70,000350
Crawford,Pittsburg Ward 2 Precinct 4,Court of Appeals Judge,6,,"Bruns, David E. - ""YES""",244,000350
Crawford,Pittsburg Ward 2 Precinct 4,Court of Appeals Judge,6,,"Bruns, David E. - ""NO""",68,000350
Crawford,Pittsburg Ward 2 Precinct 4,Court of Appeals Judge,8,,"Atcheson, G. Gordon - ""YES""",213,000350
Crawford,Pittsburg Ward 2 Precinct 4,Court of Appeals Judge,8,,"Atcheson, G. Gordon - ""NO""",97,000350
Crawford,Pittsburg Ward 2 Precinct 4,Court of Appeals Judge,9,,"Arnold-Burger, Karen M. - ""YES""",223,000350
Crawford,Pittsburg Ward 2 Precinct 4,Court of Appeals Judge,9,,"Arnold-Burger, Karen M. - ""NO""",87,000350
Crawford,Pittsburg Ward 2 Precinct 4,Court of Appeals Judge,14,,"Gardner, Kathryn - ""YES""",243,000350
Crawford,Pittsburg Ward 2 Precinct 4,Court of Appeals Judge,14,,"Gardner, Kathryn - ""NO""",66,000350
Crawford,Pittsburg Ward 2 Precinct 5,Court of Appeals Judge,4,,"Warner, Sarah E. - ""YES""",366,000360
Crawford,Pittsburg Ward 2 Precinct 5,Court of Appeals Judge,4,,"Warner, Sarah E. - ""NO""",80,000360
Crawford,Pittsburg Ward 2 Precinct 5,Court of Appeals Judge,6,,"Bruns, David E. - ""YES""",345,000360
Crawford,Pittsburg Ward 2 Precinct 5,Court of Appeals Judge,6,,"Bruns, David E. - ""NO""",95,000360
Crawford,Pittsburg Ward 2 Precinct 5,Court of Appeals Judge,8,,"Atcheson, G. Gordon - ""YES""",331,000360
Crawford,Pittsburg Ward 2 Precinct 5,Court of Appeals Judge,8,,"Atcheson, G. Gordon - ""NO""",111,000360
Crawford,Pittsburg Ward 2 Precinct 5,Court of Appeals Judge,9,,"Arnold-Burger, Karen M. - ""YES""",335,000360
Crawford,Pittsburg Ward 2 Precinct 5,Court of Appeals Judge,9,,"Arnold-Burger, Karen M. - ""NO""",104,000360
Crawford,Pittsburg Ward 2 Precinct 5,Court of Appeals Judge,14,,"Gardner, Kathryn - ""YES""",347,000360
Crawford,Pittsburg Ward 2 Precinct 5,Court of Appeals Judge,14,,"Gardner, Kathryn - ""NO""",92,000360
Crawford,Pittsburg Ward 3 Precinct 1,Court of Appeals Judge,4,,"Warner, Sarah E. - ""YES""",239,000370
Crawford,Pittsburg Ward 3 Precinct 1,Court of Appeals Judge,4,,"Warner, Sarah E. - ""NO""",57,000370
Crawford,Pittsburg Ward 3 Precinct 1,Court of Appeals Judge,6,,"Bruns, David E. - ""YES""",213,000370
Crawford,Pittsburg Ward 3 Precinct 1,Court of Appeals Judge,6,,"Bruns, David E. - ""NO""",80,000370
Crawford,Pittsburg Ward 3 Precinct 1,Court of Appeals Judge,8,,"Atcheson, G. Gordon - ""YES""",211,000370
Crawford,Pittsburg Ward 3 Precinct 1,Court of Appeals Judge,8,,"Atcheson, G. Gordon - ""NO""",85,000370
Crawford,Pittsburg Ward 3 Precinct 1,Court of Appeals Judge,9,,"Arnold-Burger, Karen M. - ""YES""",219,000370
Crawford,Pittsburg Ward 3 Precinct 1,Court of Appeals Judge,9,,"Arnold-Burger, Karen M. - ""NO""",73,000370
Crawford,Pittsburg Ward 3 Precinct 1,Court of Appeals Judge,14,,"Gardner, Kathryn - ""YES""",223,000370
Crawford,Pittsburg Ward 3 Precinct 1,Court of Appeals Judge,14,,"Gardner, Kathryn - ""NO""",69,000370
Crawford,Pittsburg Ward 3 Precinct 2,Court of Appeals Judge,4,,"Warner, Sarah E. - ""YES""",320,00038A
Crawford,Pittsburg Ward 3 Precinct 2,Court of Appeals Judge,4,,"Warner, Sarah E. - ""NO""",83,00038A
Crawford,Pittsburg Ward 3 Precinct 2,Court of Appeals Judge,6,,"Bruns, David E. - ""YES""",308,00038A
Crawford,Pittsburg Ward 3 Precinct 2,Court of Appeals Judge,6,,"Bruns, David E. - ""NO""",92,00038A
Crawford,Pittsburg Ward 3 Precinct 2,Court of Appeals Judge,8,,"Atcheson, G. Gordon - ""YES""",293,00038A
Crawford,Pittsburg Ward 3 Precinct 2,Court of Appeals Judge,8,,"Atcheson, G. Gordon - ""NO""",109,00038A
Crawford,Pittsburg Ward 3 Precinct 2,Court of Appeals Judge,9,,"Arnold-Burger, Karen M. - ""YES""",289,00038A
Crawford,Pittsburg Ward 3 Precinct 2,Court of Appeals Judge,9,,"Arnold-Burger, Karen M. - ""NO""",110,00038A
Crawford,Pittsburg Ward 3 Precinct 2,Court of Appeals Judge,14,,"Gardner, Kathryn - ""YES""",309,00038A
Crawford,Pittsburg Ward 3 Precinct 2,Court of Appeals Judge,14,,"Gardner, Kathryn - ""NO""",91,00038A
Crawford,Pittsburg Ward 4 Precinct 1,Court of Appeals Judge,4,,"Warner, Sarah E. - ""YES""",96,000390
Crawford,Pittsburg Ward 4 Precinct 1,Court of Appeals Judge,4,,"Warner, Sarah E. - ""NO""",25,000390
Crawford,Pittsburg Ward 4 Precinct 1,Court of Appeals Judge,6,,"Bruns, David E. - ""YES""",86,000390
Crawford,Pittsburg Ward 4 Precinct 1,Court of Appeals Judge,6,,"Bruns, David E. - ""NO""",34,000390
Crawford,Pittsburg Ward 4 Precinct 1,Court of Appeals Judge,8,,"Atcheson, G. Gordon - ""YES""",87,000390
Crawford,Pittsburg Ward 4 Precinct 1,Court of Appeals Judge,8,,"Atcheson, G. Gordon - ""NO""",32,000390
Crawford,Pittsburg Ward 4 Precinct 1,Court of Appeals Judge,9,,"Arnold-Burger, Karen M. - ""YES""",84,000390
Crawford,Pittsburg Ward 4 Precinct 1,Court of Appeals Judge,9,,"Arnold-Burger, Karen M. - ""NO""",35,000390
Crawford,Pittsburg Ward 4 Precinct 1,Court of Appeals Judge,14,,"Gardner, Kathryn - ""YES""",92,000390
Crawford,Pittsburg Ward 4 Precinct 1,Court of Appeals Judge,14,,"Gardner, Kathryn - ""NO""",27,000390
Crawford,Pittsburg Ward 4 Precinct 2,Court of Appeals Judge,4,,"Warner, Sarah E. - ""YES""",198,000400
Crawford,Pittsburg Ward 4 Precinct 2,Court of Appeals Judge,4,,"Warner, Sarah E. - ""NO""",69,000400
Crawford,Pittsburg Ward 4 Precinct 2,Court of Appeals Judge,6,,"Bruns, David E. - ""YES""",185,000400
Crawford,Pittsburg Ward 4 Precinct 2,Court of Appeals Judge,6,,"Bruns, David E. - ""NO""",83,000400
Crawford,Pittsburg Ward 4 Precinct 2,Court of Appeals Judge,8,,"Atcheson, G. Gordon - ""YES""",187,000400
Crawford,Pittsburg Ward 4 Precinct 2,Court of Appeals Judge,8,,"Atcheson, G. Gordon - ""NO""",80,000400
Crawford,Pittsburg Ward 4 Precinct 2,Court of Appeals Judge,9,,"Arnold-Burger, Karen M. - ""YES""",188,000400
Crawford,Pittsburg Ward 4 Precinct 2,Court of Appeals Judge,9,,"Arnold-Burger, Karen M. - ""NO""",77,000400
Crawford,Pittsburg Ward 4 Precinct 2,Court of Appeals Judge,14,,"Gardner, Kathryn - ""YES""",184,000400
Crawford,Pittsburg Ward 4 Precinct 2,Court of Appeals Judge,14,,"Gardner, Kathryn - ""NO""",84,000400
Crawford,Pittsburg Ward 4 Precinct 3,Court of Appeals Judge,4,,"Warner, Sarah E. - ""YES""",374,000410
Crawford,Pittsburg Ward 4 Precinct 3,Court of Appeals Judge,4,,"Warner, Sarah E. - ""NO""",93,000410
Crawford,Pittsburg Ward 4 Precinct 3,Court of Appeals Judge,6,,"Bruns, David E. - ""YES""",342,000410
Crawford,Pittsburg Ward 4 Precinct 3,Court of Appeals Judge,6,,"Bruns, David E. - ""NO""",117,000410
Crawford,Pittsburg Ward 4 Precinct 3,Court of Appeals Judge,8,,"Atcheson, G. Gordon - ""YES""",325,000410
Crawford,Pittsburg Ward 4 Precinct 3,Court of Appeals Judge,8,,"Atcheson, G. Gordon - ""NO""",134,000410
Crawford,Pittsburg Ward 4 Precinct 3,Court of Appeals Judge,9,,"Arnold-Burger, Karen M. - ""YES""",328,000410
Crawford,Pittsburg Ward 4 Precinct 3,Court of Appeals Judge,9,,"Arnold-Burger, Karen M. - ""NO""",132,000410
Crawford,Pittsburg Ward 4 Precinct 3,Court of Appeals Judge,14,,"Gardner, Kathryn - ""YES""",343,000410
Crawford,Pittsburg Ward 4 Precinct 3,Court of Appeals Judge,14,,"Gardner, Kathryn - ""NO""",115,000410
Crawford,Pittsburg Ward 4 Precinct 4,Court of Appeals Judge,4,,"Warner, Sarah E. - ""YES""",204,00042A
Crawford,Pittsburg Ward 4 Precinct 4,Court of Appeals Judge,4,,"Warner, Sarah E. - ""NO""",55,00042A
Crawford,Pittsburg Ward 4 Precinct 4,Court of Appeals Judge,6,,"Bruns, David E. - ""YES""",187,00042A
Crawford,Pittsburg Ward 4 Precinct 4,Court of Appeals Judge,6,,"Bruns, David E. - ""NO""",70,00042A
Crawford,Pittsburg Ward 4 Precinct 4,Court of Appeals Judge,8,,"Atcheson, G. Gordon - ""YES""",187,00042A
Crawford,Pittsburg Ward 4 Precinct 4,Court of Appeals Judge,8,,"Atcheson, G. Gordon - ""NO""",71,00042A
Crawford,Pittsburg Ward 4 Precinct 4,Court of Appeals Judge,9,,"Arnold-Burger, Karen M. - ""YES""",187,00042A
Crawford,Pittsburg Ward 4 Precinct 4,Court of Appeals Judge,9,,"Arnold-Burger, Karen M. - ""NO""",73,00042A
Crawford,Pittsburg Ward 4 Precinct 4,Court of Appeals Judge,14,,"Gardner, Kathryn - ""YES""",194,00042A
Crawford,Pittsburg Ward 4 Precinct 4,Court of Appeals Judge,14,,"Gardner, Kathryn - ""NO""",64,00042A
Crawford,Pittsburg Ward 4 Precinct 5,Court of Appeals Judge,4,,"Warner, Sarah E. - ""YES""",506,000430
Crawford,Pittsburg Ward 4 Precinct 5,Court of Appeals Judge,4,,"Warner, Sarah E. - ""NO""",130,000430
Crawford,Pittsburg Ward 4 Precinct 5,Court of Appeals Judge,6,,"Bruns, David E. - ""YES""",462,000430
Crawford,Pittsburg Ward 4 Precinct 5,Court of Appeals Judge,6,,"Bruns, David E. - ""NO""",164,000430
Crawford,Pittsburg Ward 4 Precinct 5,Court of Appeals Judge,8,,"Atcheson, G. Gordon - ""YES""",459,000430
Crawford,Pittsburg Ward 4 Precinct 5,Court of Appeals Judge,8,,"Atcheson, G. Gordon - ""NO""",168,000430
Crawford,Pittsburg Ward 4 Precinct 5,Court of Appeals Judge,9,,"Arnold-Burger, Karen M. - ""YES""",463,000430
Crawford,Pittsburg Ward 4 Precinct 5,Court of Appeals Judge,9,,"Arnold-Burger, Karen M. - ""NO""",166,000430
Crawford,Pittsburg Ward 4 Precinct 5,Court of Appeals Judge,14,,"Gardner, Kathryn - ""YES""",472,000430
Crawford,Pittsburg Ward 4 Precinct 5,Court of Appeals Judge,14,,"Gardner, Kathryn - ""NO""",158,000430
Crawford,Pittsburg Ward 4 Precinct 6,Court of Appeals Judge,4,,"Warner, Sarah E. - ""YES""",74,00044A
Crawford,Pittsburg Ward 4 Precinct 6,Court of Appeals Judge,4,,"Warner, Sarah E. - ""NO""",32,00044A
Crawford,Pittsburg Ward 4 Precinct 6,Court of Appeals Judge,6,,"Bruns, David E. - ""YES""",67,00044A
Crawford,Pittsburg Ward 4 Precinct 6,Court of Appeals Judge,6,,"Bruns, David E. - ""NO""",39,00044A
Crawford,Pittsburg Ward 4 Precinct 6,Court of Appeals Judge,8,,"Atcheson, G. Gordon - ""YES""",57,00044A
Crawford,Pittsburg Ward 4 Precinct 6,Court of Appeals Judge,8,,"Atcheson, G. Gordon - ""NO""",46,00044A
Crawford,Pittsburg Ward 4 Precinct 6,Court of Appeals Judge,9,,"Arnold-Burger, Karen M. - ""YES""",60,00044A
Crawford,Pittsburg Ward 4 Precinct 6,Court of Appeals Judge,9,,"Arnold-Burger, Karen M. - ""NO""",42,00044A
Crawford,Pittsburg Ward 4 Precinct 6,Court of Appeals Judge,14,,"Gardner, Kathryn - ""YES""",70,00044A
Crawford,Pittsburg Ward 4 Precinct 6,Court of Appeals Judge,14,,"Gardner, Kathryn - ""NO""",35,00044A
Crawford,Raymond,Court of Appeals Judge,4,,"Warner, Sarah E. - ""YES""",236,000450
Crawford,Raymond,Court of Appeals Judge,4,,"Warner, Sarah E. - ""NO""",95,000450
Crawford,Raymond,Court of Appeals Judge,6,,"Bruns, David E. - ""YES""",227,000450
Crawford,Raymond,Court of Appeals Judge,6,,"Bruns, David E. - ""NO""",100,000450
Crawford,Raymond,Court of Appeals Judge,8,,"Atcheson, G. Gordon - ""YES""",205,000450
Crawford,Raymond,Court of Appeals Judge,8,,"Atcheson, G. Gordon - ""NO""",123,000450
Crawford,Raymond,Court of Appeals Judge,9,,"Arnold-Burger, Karen M. - ""YES""",203,000450
Crawford,Raymond,Court of Appeals Judge,9,,"Arnold-Burger, Karen M. - ""NO""",124,000450
Crawford,Raymond,Court of Appeals Judge,14,,"Gardner, Kathryn - ""YES""",223,000450
Crawford,Raymond,Court of Appeals Judge,14,,"Gardner, Kathryn - ""NO""",106,000450
Crawford,Sheridan,Court of Appeals Judge,4,,"Warner, Sarah E. - ""YES""",48,000460
Crawford,Sheridan,Court of Appeals Judge,4,,"Warner, Sarah E. - ""NO""",15,000460
Crawford,Sheridan,Court of Appeals Judge,6,,"Bruns, David E. - ""YES""",47,000460
Crawford,Sheridan,Court of Appeals Judge,6,,"Bruns, David E. - ""NO""",18,000460
Crawford,Sheridan,Court of Appeals Judge,8,,"Atcheson, G. Gordon - ""YES""",43,000460
Crawford,Sheridan,Court of Appeals Judge,8,,"Atcheson, G. Gordon - ""NO""",17,000460
Crawford,Sheridan,Court of Appeals Judge,9,,"Arnold-Burger, Karen M. - ""YES""",42,000460
Crawford,Sheridan,Court of Appeals Judge,9,,"Arnold-Burger, Karen M. - ""NO""",20,000460
Crawford,Sheridan,Court of Appeals Judge,14,,"Gardner, Kathryn - ""YES""",47,000460
Crawford,Sheridan,Court of Appeals Judge,14,,"Gardner, Kathryn - ""NO""",17,000460
Crawford,Sherman,Court of Appeals Judge,4,,"Warner, Sarah E. - ""YES""",186,000470
Crawford,Sherman,Court of Appeals Judge,4,,"Warner, Sarah E. - ""NO""",78,000470
Crawford,Sherman,Court of Appeals Judge,6,,"Bruns, David E. - ""YES""",177,000470
Crawford,Sherman,Court of Appeals Judge,6,,"Bruns, David E. - ""NO""",85,000470
Crawford,Sherman,Court of Appeals Judge,8,,"Atcheson, G. Gordon - ""YES""",153,000470
Crawford,Sherman,Court of Appeals Judge,8,,"Atcheson, G. Gordon - ""NO""",106,000470
Crawford,Sherman,Court of Appeals Judge,9,,"Arnold-Burger, Karen M. - ""YES""",160,000470
Crawford,Sherman,Court of Appeals Judge,9,,"Arnold-Burger, Karen M. - ""NO""",101,000470
Crawford,Sherman,Court of Appeals Judge,14,,"Gardner, Kathryn - ""YES""",177,000470
Crawford,Sherman,Court of Appeals Judge,14,,"Gardner, Kathryn - ""NO""",83,000470
Crawford,Smelter,Court of Appeals Judge,4,,"Warner, Sarah E. - ""YES""",228,000480
Crawford,Smelter,Court of Appeals Judge,4,,"Warner, Sarah E. - ""NO""",75,000480
Crawford,Smelter,Court of Appeals Judge,6,,"Bruns, David E. - ""YES""",202,000480
Crawford,Smelter,Court of Appeals Judge,6,,"Bruns, David E. - ""NO""",93,000480
Crawford,Smelter,Court of Appeals Judge,8,,"Atcheson, G. Gordon - ""YES""",190,000480
Crawford,Smelter,Court of Appeals Judge,8,,"Atcheson, G. Gordon - ""NO""",106,000480
Crawford,Smelter,Court of Appeals Judge,9,,"Arnold-Burger, Karen M. - ""YES""",196,000480
Crawford,Smelter,Court of Appeals Judge,9,,"Arnold-Burger, Karen M. - ""NO""",99,000480
Crawford,Smelter,Court of Appeals Judge,14,,"Gardner, Kathryn - ""YES""",209,000480
Crawford,Smelter,Court of Appeals Judge,14,,"Gardner, Kathryn - ""NO""",86,000480
Crawford,South Arma,Court of Appeals Judge,4,,"Warner, Sarah E. - ""YES""",273,000490
Crawford,South Arma,Court of Appeals Judge,4,,"Warner, Sarah E. - ""NO""",95,000490
Crawford,South Arma,Court of Appeals Judge,6,,"Bruns, David E. - ""YES""",256,000490
Crawford,South Arma,Court of Appeals Judge,6,,"Bruns, David E. - ""NO""",101,000490
Crawford,South Arma,Court of Appeals Judge,8,,"Atcheson, G. Gordon - ""YES""",234,000490
Crawford,South Arma,Court of Appeals Judge,8,,"Atcheson, G. Gordon - ""NO""",127,000490
Crawford,South Arma,Court of Appeals Judge,9,,"Arnold-Burger, Karen M. - ""YES""",235,000490
Crawford,South Arma,Court of Appeals Judge,9,,"Arnold-Burger, Karen M. - ""NO""",124,000490
Crawford,South Arma,Court of Appeals Judge,14,,"Gardner, Kathryn - ""YES""",262,000490
Crawford,South Arma,Court of Appeals Judge,14,,"Gardner, Kathryn - ""NO""",102,000490
Crawford,Walnut,Court of Appeals Judge,4,,"Warner, Sarah E. - ""YES""",45,000500
Crawford,Walnut,Court of Appeals Judge,4,,"Warner, Sarah E. - ""NO""",20,000500
Crawford,Walnut,Court of Appeals Judge,6,,"Bruns, David E. - ""YES""",44,000500
Crawford,Walnut,Court of Appeals Judge,6,,"Bruns, David E. - ""NO""",20,000500
Crawford,Walnut,Court of Appeals Judge,8,,"Atcheson, G. Gordon - ""YES""",40,000500
Crawford,Walnut,Court of Appeals Judge,8,,"Atcheson, G. Gordon - ""NO""",25,000500
Crawford,Walnut,Court of Appeals Judge,9,,"Arnold-Burger, Karen M. - ""YES""",42,000500
Crawford,Walnut,Court of Appeals Judge,9,,"Arnold-Burger, Karen M. - ""NO""",22,000500
Crawford,Walnut,Court of Appeals Judge,14,,"Gardner, Kathryn - ""YES""",42,000500
Crawford,Walnut,Court of Appeals Judge,14,,"Gardner, Kathryn - ""NO""",22,000500
Crawford,Lincoln - Arcadia,Court of Appeals Judge,4,,"Warner, Sarah E. - ""YES""",47,000A41
Crawford,Lincoln - Arcadia,Court of Appeals Judge,4,,"Warner, Sarah E. - ""NO""",14,000A41
Crawford,Lincoln - Arcadia,Court of Appeals Judge,6,,"Bruns, David E. - ""YES""",47,000A41
Crawford,Lincoln - Arcadia,Court of Appeals Judge,6,,"Bruns, David E. - ""NO""",12,000A41
Crawford,Lincoln - Arcadia,Court of Appeals Judge,8,,"Atcheson, G. Gordon - ""YES""",43,000A41
Crawford,Lincoln - Arcadia,Court of Appeals Judge,8,,"Atcheson, G. Gordon - ""NO""",17,000A41
Crawford,Lincoln - Arcadia,Court of Appeals Judge,9,,"Arnold-Burger, Karen M. - ""YES""",40,000A41
Crawford,Lincoln - Arcadia,Court of Appeals Judge,9,,"Arnold-Burger, Karen M. - ""NO""",20,000A41
Crawford,Lincoln - Arcadia,Court of Appeals Judge,14,,"Gardner, Kathryn - ""YES""",44,000A41
Crawford,Lincoln - Arcadia,Court of Appeals Judge,14,,"Gardner, Kathryn - ""NO""",15,000A41
Crawford,Osage - McCune,Court of Appeals Judge,4,,"Warner, Sarah E. - ""YES""",134,000A51
Crawford,Osage - McCune,Court of Appeals Judge,4,,"Warner, Sarah E. - ""NO""",64,000A51
Crawford,Osage - McCune,Court of Appeals Judge,6,,"Bruns, David E. - ""YES""",135,000A51
Crawford,Osage - McCune,Court of Appeals Judge,6,,"Bruns, David E. - ""NO""",62,000A51
Crawford,Osage - McCune,Court of Appeals Judge,8,,"Atcheson, G. Gordon - ""YES""",108,000A51
Crawford,Osage - McCune,Court of Appeals Judge,8,,"Atcheson, G. Gordon - ""NO""",86,000A51
Crawford,Osage - McCune,Court of Appeals Judge,9,,"Arnold-Burger, Karen M. - ""YES""",101,000A51
Crawford,Osage - McCune,Court of Appeals Judge,9,,"Arnold-Burger, Karen M. - ""NO""",94,000A51
Crawford,Osage - McCune,Court of Appeals Judge,14,,"Gardner, Kathryn - ""YES""",128,000A51
Crawford,Osage - McCune,Court of Appeals Judge,14,,"Gardner, Kathryn - ""NO""",62,000A51
Crawford,Cherokee - Sheridan,Court of Appeals Judge,4,,"Warner, Sarah E. - ""YES""",85,000A62
Crawford,Cherokee - Sheridan,Court of Appeals Judge,4,,"Warner, Sarah E. - ""NO""",63,000A62
Crawford,Cherokee - Sheridan,Court of Appeals Judge,6,,"Bruns, David E. - ""YES""",87,000A62
Crawford,Cherokee - Sheridan,Court of Appeals Judge,6,,"Bruns, David E. - ""NO""",61,000A62
Crawford,Cherokee - Sheridan,Court of Appeals Judge,8,,"Atcheson, G. Gordon - ""YES""",66,000A62
Crawford,Cherokee - Sheridan,Court of Appeals Judge,8,,"Atcheson, G. Gordon - ""NO""",77,000A62
Crawford,Cherokee - Sheridan,Court of Appeals Judge,9,,"Arnold-Burger, Karen M. - ""YES""",70,000A62
Crawford,Cherokee - Sheridan,Court of Appeals Judge,9,,"Arnold-Burger, Karen M. - ""NO""",78,000A62
Crawford,Cherokee - Sheridan,Court of Appeals Judge,14,,"Gardner, Kathryn - ""YES""",84,000A62
Crawford,Cherokee - Sheridan,Court of Appeals Judge,14,,"Gardner, Kathryn - ""NO""",62,000A62
Crawford,Walnut - Helper,Court of Appeals Judge,4,,"Warner, Sarah E. - ""YES""",24,000A82
Crawford,Walnut - Helper,Court of Appeals Judge,4,,"Warner, Sarah E. - ""NO""",10,000A82
Crawford,Walnut - Helper,Court of Appeals Judge,6,,"Bruns, David E. - ""YES""",24,000A82
Crawford,Walnut - Helper,Court of Appeals Judge,6,,"Bruns, David E. - ""NO""",10,000A82
Crawford,Walnut - Helper,Court of Appeals Judge,8,,"Atcheson, G. Gordon - ""YES""",24,000A82
Crawford,Walnut - Helper,Court of Appeals Judge,8,,"Atcheson, G. Gordon - ""NO""",10,000A82
Crawford,Walnut - Helper,Court of Appeals Judge,9,,"Arnold-Burger, Karen M. - ""YES""",23,000A82
Crawford,Walnut - Helper,Court of Appeals Judge,9,,"Arnold-Burger, Karen M. - ""NO""",11,000A82
Crawford,Walnut - Helper,Court of Appeals Judge,14,,"Gardner, Kathryn - ""YES""",24,000A82
Crawford,Walnut - Helper,Court of Appeals Judge,14,,"Gardner, Kathryn - ""NO""",10,000A82
Crawford,Walnut Township,Court of Appeals Judge,4,,"Warner, Sarah E. - ""YES""",12,000A83
Crawford,Walnut Township,Court of Appeals Judge,4,,"Warner, Sarah E. - ""NO""",10,000A83
Crawford,Walnut Township,Court of Appeals Judge,6,,"Bruns, David E. - ""YES""",11,000A83
Crawford,Walnut Township,Court of Appeals Judge,6,,"Bruns, David E. - ""NO""",11,000A83
Crawford,Walnut Township,Court of Appeals Judge,8,,"Atcheson, G. Gordon - ""YES""",11,000A83
Crawford,Walnut Township,Court of Appeals Judge,8,,"Atcheson, G. Gordon - ""NO""",11,000A83
Crawford,Walnut Township,Court of Appeals Judge,9,,"Arnold-Burger, Karen M. - ""YES""",11,000A83
Crawford,Walnut Township,Court of Appeals Judge,9,,"Arnold-Burger, Karen M. - ""NO""",11,000A83
Crawford,Walnut Township,Court of Appeals Judge,14,,"Gardner, Kathryn - ""YES""",12,000A83
Crawford,Walnut Township,Court of Appeals Judge,14,,"Gardner, Kathryn - ""NO""",10,000A83
Crawford,Franklin,Court of Appeals Judge,4,,"Warner, Sarah E. - ""YES""",150,700100
Crawford,Franklin,Court of Appeals Judge,4,,"Warner, Sarah E. - ""NO""",64,700100
Crawford,Franklin,Court of Appeals Judge,6,,"Bruns, David E. - ""YES""",142,700100
Crawford,Franklin,Court of Appeals Judge,6,,"Bruns, David E. - ""NO""",71,700100
Crawford,Franklin,Court of Appeals Judge,8,,"Atcheson, G. Gordon - ""YES""",135,700100
Crawford,Franklin,Court of Appeals Judge,8,,"Atcheson, G. Gordon - ""NO""",80,700100
Crawford,Franklin,Court of Appeals Judge,9,,"Arnold-Burger, Karen M. - ""YES""",134,700100
Crawford,Franklin,Court of Appeals Judge,9,,"Arnold-Burger, Karen M. - ""NO""",79,700100
Crawford,Franklin,Court of Appeals Judge,14,,"Gardner, Kathryn - ""YES""",141,700100
Crawford,Franklin,Court of Appeals Judge,14,,"Gardner, Kathryn - ""NO""",72,700100
Crawford,Baker Enclave,Court of Appeals Judge,4,,"Warner, Sarah E. - ""YES""",0,900010
Crawford,Baker Enclave,Court of Appeals Judge,4,,"Warner, Sarah E. - ""NO""",0,900010
Crawford,Baker Enclave,Court of Appeals Judge,6,,"Bruns, David E. - ""YES""",0,900010
Crawford,Baker Enclave,Court of Appeals Judge,6,,"Bruns, David E. - ""NO""",0,900010
Crawford,Baker Enclave,Court of Appeals Judge,8,,"Atcheson, G. Gordon - ""YES""",0,900010
Crawford,Baker Enclave,Court of Appeals Judge,8,,"Atcheson, G. Gordon - ""NO""",0,900010
Crawford,Baker Enclave,Court of Appeals Judge,9,,"Arnold-Burger, Karen M. - ""YES""",0,900010
Crawford,Baker Enclave,Court of Appeals Judge,9,,"Arnold-Burger, Karen M. - ""NO""",0,900010
Crawford,Baker Enclave,Court of Appeals Judge,14,,"Gardner, Kathryn - ""YES""",0,900010
Crawford,Baker Enclave,Court of Appeals Judge,14,,"Gardner, Kathryn - ""NO""",0,900010
Crawford,Parkview Enclave,Court of Appeals Judge,4,,"Warner, Sarah E. - ""YES""",0,900020
Crawford,Parkview Enclave,Court of Appeals Judge,4,,"Warner, Sarah E. - ""NO""",0,900020
Crawford,Parkview Enclave,Court of Appeals Judge,6,,"Bruns, David E. - ""YES""",0,900020
Crawford,Parkview Enclave,Court of Appeals Judge,6,,"Bruns, David E. - ""NO""",0,900020
Crawford,Parkview Enclave,Court of Appeals Judge,8,,"Atcheson, G. Gordon - ""YES""",0,900020
Crawford,Parkview Enclave,Court of Appeals Judge,8,,"Atcheson, G. Gordon - ""NO""",0,900020
Crawford,Parkview Enclave,Court of Appeals Judge,9,,"Arnold-Burger, Karen M. - ""YES""",0,900020
Crawford,Parkview Enclave,Court of Appeals Judge,9,,"Arnold-Burger, Karen M. - ""NO""",0,900020
Crawford,Parkview Enclave,Court of Appeals Judge,14,,"Gardner, Kathryn - ""YES""",0,900020
Crawford,Parkview Enclave,Court of Appeals Judge,14,,"Gardner, Kathryn - ""NO""",0,900020
Crawford,Pittsburg Ward 2 Precinct 5 Exclave A,Court of Appeals Judge,4,,"Warner, Sarah E. - ""YES""",0,900030
Crawford,Pittsburg Ward 2 Precinct 5 Exclave A,Court of Appeals Judge,4,,"Warner, Sarah E. - ""NO""",0,900030
Crawford,Pittsburg Ward 2 Precinct 5 Exclave A,Court of Appeals Judge,6,,"Bruns, David E. - ""YES""",0,900030
Crawford,Pittsburg Ward 2 Precinct 5 Exclave A,Court of Appeals Judge,6,,"Bruns, David E. - ""NO""",0,900030
Crawford,Pittsburg Ward 2 Precinct 5 Exclave A,Court of Appeals Judge,8,,"Atcheson, G. Gordon - ""YES""",0,900030
Crawford,Pittsburg Ward 2 Precinct 5 Exclave A,Court of Appeals Judge,8,,"Atcheson, G. Gordon - ""NO""",0,900030
Crawford,Pittsburg Ward 2 Precinct 5 Exclave A,Court of Appeals Judge,9,,"Arnold-Burger, Karen M. - ""YES""",0,900030
Crawford,Pittsburg Ward 2 Precinct 5 Exclave A,Court of Appeals Judge,9,,"Arnold-Burger, Karen M. - ""NO""",0,900030
Crawford,Pittsburg Ward 2 Precinct 5 Exclave A,Court of Appeals Judge,14,,"Gardner, Kathryn - ""YES""",0,900030
Crawford,Pittsburg Ward 2 Precinct 5 Exclave A,Court of Appeals Judge,14,,"Gardner, Kathryn - ""NO""",0,900030
Crawford,Pittsburg Ward 2 Precinct 5 Exclave B,Court of Appeals Judge,4,,"Warner, Sarah E. - ""YES""",0,900040
Crawford,Pittsburg Ward 2 Precinct 5 Exclave B,Court of Appeals Judge,4,,"Warner, Sarah E. - ""NO""",0,900040
Crawford,Pittsburg Ward 2 Precinct 5 Exclave B,Court of Appeals Judge,6,,"Bruns, David E. - ""YES""",0,900040
Crawford,Pittsburg Ward 2 Precinct 5 Exclave B,Court of Appeals Judge,6,,"Bruns, David E. - ""NO""",0,900040
Crawford,Pittsburg Ward 2 Precinct 5 Exclave B,Court of Appeals Judge,8,,"Atcheson, G. Gordon - ""YES""",0,900040
Crawford,Pittsburg Ward 2 Precinct 5 Exclave B,Court of Appeals Judge,8,,"Atcheson, G. Gordon - ""NO""",0,900040
Crawford,Pittsburg Ward 2 Precinct 5 Exclave B,Court of Appeals Judge,9,,"Arnold-Burger, Karen M. - ""YES""",0,900040
Crawford,Pittsburg Ward 2 Precinct 5 Exclave B,Court of Appeals Judge,9,,"Arnold-Burger, Karen M. - ""NO""",0,900040
Crawford,Pittsburg Ward 2 Precinct 5 Exclave B,Court of Appeals Judge,14,,"Gardner, Kathryn - ""YES""",0,900040
Crawford,Pittsburg Ward 2 Precinct 5 Exclave B,Court of Appeals Judge,14,,"Gardner, Kathryn - ""NO""",0,900040
Crawford,Arcadia,State House,2,Democratic,"Grant, Lynn D.",47,000010
Crawford,Arcadia,State House,2,Republican,"Collins, Kenneth",101,000010
Crawford,Baker,State House,3,Democratic,"Murnan, Monica",189,000020
Crawford,Baker,State House,3,Republican,"Smith, Charles (Chuck)",358,000020
Crawford,Beulah,State House,2,Democratic,"Grant, Lynn D.",70,000030
Crawford,Beulah,State House,2,Republican,"Collins, Kenneth",81,000030
Crawford,Sheridan - Cherokee City,State House,2,Democratic,"Grant, Lynn D.",33,000033
Crawford,Sheridan - Cherokee City,State House,2,Republican,"Collins, Kenneth",26,000033
Crawford,Brazilton,State House,2,Democratic,"Grant, Lynn D.",18,000040
Crawford,Brazilton,State House,2,Republican,"Collins, Kenneth",23,000040
Crawford,Capaldo,State House,2,Democratic,"Grant, Lynn D.",113,000050
Crawford,Capaldo,State House,2,Republican,"Collins, Kenneth",149,000050
Crawford,Cherokee,State House,2,Democratic,"Grant, Lynn D.",91,000060
Crawford,Cherokee,State House,2,Republican,"Collins, Kenneth",149,000060
Crawford,Chicopee,State House,3,Democratic,"Murnan, Monica",118,000070
Crawford,Chicopee,State House,3,Republican,"Smith, Charles (Chuck)",213,000070
Crawford,Crawford,State House,2,Democratic,"Grant, Lynn D.",84,000080
Crawford,Crawford,State House,2,Republican,"Collins, Kenneth",175,000080
Crawford,Crowe,State House,2,Democratic,"Grant, Lynn D.",52,000090
Crawford,Crowe,State House,2,Republican,"Collins, Kenneth",62,000090
Crawford,Frontenac Ward 1,State House,2,Democratic,"Grant, Lynn D.",292,000110
Crawford,Frontenac Ward 1,State House,2,Republican,"Collins, Kenneth",198,000110
Crawford,Frontenac Ward 2,State House,2,Democratic,"Grant, Lynn D.",409,00012A
Crawford,Frontenac Ward 2,State House,2,Republican,"Collins, Kenneth",276,00012A
Crawford,Frontenac Ward 3,State House,2,Democratic,"Grant, Lynn D.",149,00013A
Crawford,Frontenac Ward 3,State House,2,Republican,"Collins, Kenneth",119,00013A
Crawford,Frontenac Ward 3 Industrial Park,State House,2,Democratic,"Grant, Lynn D.",0,00013B
Crawford,Frontenac Ward 3 Industrial Park,State House,2,Republican,"Collins, Kenneth",0,00013B
Crawford,Frontenac Ward 4,State House,2,Democratic,"Grant, Lynn D.",146,00014A
Crawford,Frontenac Ward 4,State House,2,Republican,"Collins, Kenneth",97,00014A
Crawford,Girard Ward 1,State House,2,Democratic,"Grant, Lynn D.",59,000150
Crawford,Girard Ward 1,State House,2,Republican,"Collins, Kenneth",75,000150
Crawford,Girard Ward 2,State House,2,Democratic,"Grant, Lynn D.",147,00016A
Crawford,Girard Ward 2,State House,2,Republican,"Collins, Kenneth",236,00016A
Crawford,Girard Ward 3,State House,2,Democratic,"Grant, Lynn D.",115,00017A
Crawford,Girard Ward 3,State House,2,Republican,"Collins, Kenneth",128,00017A
Crawford,Girard Ward 3 Exclave Golf Course,State House,2,Democratic,"Grant, Lynn D.",0,00017B
Crawford,Girard Ward 3 Exclave Golf Course,State House,2,Republican,"Collins, Kenneth",0,00017B
Crawford,Girard Ward 4,State House,2,Democratic,"Grant, Lynn D.",138,000180
Crawford,Girard Ward 4,State House,2,Republican,"Collins, Kenneth",201,000180
Crawford,Grant,State House,2,Democratic,"Grant, Lynn D.",59,000190
Crawford,Grant,State House,2,Republican,"Collins, Kenneth",72,000190
Crawford,Hepler,State House,2,Democratic,"Grant, Lynn D.",15,000200
Crawford,Hepler,State House,2,Republican,"Collins, Kenneth",25,000200
Crawford,Lincoln,State House,2,Democratic,"Grant, Lynn D.",64,000210
Crawford,Lincoln,State House,2,Republican,"Collins, Kenneth",121,000210
Crawford,Lone Star,State House,3,Democratic,"Murnan, Monica",242,00022A
Crawford,Lone Star,State House,3,Republican,"Smith, Charles (Chuck)",359,00022A
Crawford,McCune,State House,2,Democratic,"Grant, Lynn D.",82,000230
Crawford,McCune,State House,2,Republican,"Collins, Kenneth",104,000230
Crawford,Mulberry Ward 1,State House,2,Democratic,"Grant, Lynn D.",28,000240
Crawford,Mulberry Ward 1,State House,2,Republican,"Collins, Kenneth",45,000240
Crawford,Mulberry Ward 2,State House,2,Democratic,"Grant, Lynn D.",32,000250
Crawford,Mulberry Ward 2,State House,2,Republican,"Collins, Kenneth",61,000250
Crawford,North Arma,State House,2,Democratic,"Grant, Lynn D.",148,000260
Crawford,North Arma,State House,2,Republican,"Collins, Kenneth",212,000260
Crawford,Opolis,State House,3,Democratic,"Murnan, Monica",82,000270
Crawford,Opolis,State House,3,Republican,"Smith, Charles (Chuck)",110,000270
Crawford,Parkview,State House,2,Democratic,"Grant, Lynn D.",134,000280
Crawford,Parkview,State House,2,Republican,"Collins, Kenneth",168,000280
Crawford,Pittsburg Ward 1 Precinct 1,State House,3,Democratic,"Murnan, Monica",193,000290
Crawford,Pittsburg Ward 1 Precinct 1,State House,3,Republican,"Smith, Charles (Chuck)",192,000290
Crawford,Pittsburg Ward 1 Precinct 2,State House,3,Democratic,"Murnan, Monica",265,000300
Crawford,Pittsburg Ward 1 Precinct 2,State House,3,Republican,"Smith, Charles (Chuck)",296,000300
Crawford,Pittsburg Ward 1 Precinct 3,State House,3,Democratic,"Murnan, Monica",721,000310
Crawford,Pittsburg Ward 1 Precinct 3,State House,3,Republican,"Smith, Charles (Chuck)",704,000310
Crawford,Pittsburg Ward 2 Precinct 1,State House,3,Democratic,"Murnan, Monica",115,000320
Crawford,Pittsburg Ward 2 Precinct 1,State House,3,Republican,"Smith, Charles (Chuck)",122,000320
Crawford,Pittsburg Ward 2 Precinct 2,State House,3,Democratic,"Murnan, Monica",162,000330
Crawford,Pittsburg Ward 2 Precinct 2,State House,3,Republican,"Smith, Charles (Chuck)",155,000330
Crawford,Pittsburg Ward 2 Precinct 3,State House,3,Democratic,"Murnan, Monica",200,000340
Crawford,Pittsburg Ward 2 Precinct 3,State House,3,Republican,"Smith, Charles (Chuck)",203,000340
Crawford,Pittsburg Ward 2 Precinct 4,State House,3,Democratic,"Murnan, Monica",165,000350
Crawford,Pittsburg Ward 2 Precinct 4,State House,3,Republican,"Smith, Charles (Chuck)",173,000350
Crawford,Pittsburg Ward 2 Precinct 5,State House,3,Democratic,"Murnan, Monica",268,000360
Crawford,Pittsburg Ward 2 Precinct 5,State House,3,Republican,"Smith, Charles (Chuck)",238,000360
Crawford,Pittsburg Ward 3 Precinct 1,State House,3,Democratic,"Murnan, Monica",176,000370
Crawford,Pittsburg Ward 3 Precinct 1,State House,3,Republican,"Smith, Charles (Chuck)",168,000370
Crawford,Pittsburg Ward 3 Precinct 2,State House,3,Democratic,"Murnan, Monica",208,00038A
Crawford,Pittsburg Ward 3 Precinct 2,State House,3,Republican,"Smith, Charles (Chuck)",244,00038A
Crawford,Pittsburg Ward 4 Precinct 1,State House,3,Democratic,"Murnan, Monica",70,000390
Crawford,Pittsburg Ward 4 Precinct 1,State House,3,Republican,"Smith, Charles (Chuck)",63,000390
Crawford,Pittsburg Ward 4 Precinct 2,State House,3,Democratic,"Murnan, Monica",160,000400
Crawford,Pittsburg Ward 4 Precinct 2,State House,3,Republican,"Smith, Charles (Chuck)",142,000400
Crawford,Pittsburg Ward 4 Precinct 3,State House,3,Democratic,"Murnan, Monica",230,000410
Crawford,Pittsburg Ward 4 Precinct 3,State House,3,Republican,"Smith, Charles (Chuck)",287,000410
Crawford,Pittsburg Ward 4 Precinct 4,State House,3,Democratic,"Murnan, Monica",134,00042A
Crawford,Pittsburg Ward 4 Precinct 4,State House,3,Republican,"Smith, Charles (Chuck)",157,00042A
Crawford,Pittsburg Ward 4 Precinct 5,State House,3,Democratic,"Murnan, Monica",322,000430
Crawford,Pittsburg Ward 4 Precinct 5,State House,3,Republican,"Smith, Charles (Chuck)",403,000430
Crawford,Pittsburg Ward 4 Precinct 6,State House,3,Democratic,"Murnan, Monica",40,00044A
Crawford,Pittsburg Ward 4 Precinct 6,State House,3,Republican,"Smith, Charles (Chuck)",89,00044A
Crawford,Raymond,State House,2,Democratic,"Grant, Lynn D.",155,000450
Crawford,Raymond,State House,2,Republican,"Collins, Kenneth",236,000450
Crawford,Sheridan,State House,3,Democratic,"Murnan, Monica",22,000460
Crawford,Sheridan,State House,3,Republican,"Smith, Charles (Chuck)",57,000460
Crawford,Sherman,State House,2,Democratic,"Grant, Lynn D.",112,000470
Crawford,Sherman,State House,2,Republican,"Collins, Kenneth",190,000470
Crawford,Smelter,State House,3,Democratic,"Murnan, Monica",131,000480
Crawford,Smelter,State House,3,Republican,"Smith, Charles (Chuck)",209,000480
Crawford,South Arma,State House,2,Democratic,"Grant, Lynn D.",195,000490
Crawford,South Arma,State House,2,Republican,"Collins, Kenneth",239,000490
Crawford,Walnut,State House,2,Democratic,"Grant, Lynn D.",22,000500
Crawford,Walnut,State House,2,Republican,"Collins, Kenneth",52,000500
Crawford,Lincoln - Arcadia,State House,2,Democratic,"Grant, Lynn D.",18,000A41
Crawford,Lincoln - Arcadia,State House,2,Republican,"Collins, Kenneth",53,000A41
Crawford,Osage - McCune,State House,2,Democratic,"Grant, Lynn D.",56,000A51
Crawford,Osage - McCune,State House,2,Republican,"Collins, Kenneth",164,000A51
Crawford,Cherokee - Sheridan,State House,2,Democratic,"Grant, Lynn D.",63,000A62
Crawford,Cherokee - Sheridan,State House,2,Republican,"Collins, Kenneth",116,000A62
Crawford,Walnut - Helper,State House,2,Democratic,"Grant, Lynn D.",16,000A82
Crawford,Walnut - Helper,State House,2,Republican,"Collins, Kenneth",22,000A82
Crawford,Walnut Township,State House,2,Democratic,"Grant, Lynn D.",6,000A83
Crawford,Walnut Township,State House,2,Republican,"Collins, Kenneth",19,000A83
Crawford,Franklin,State House,2,Democratic,"Grant, Lynn D.",89,700100
Crawford,Franklin,State House,2,Republican,"Collins, Kenneth",138,700100
Crawford,Baker Enclave,State House,3,Democratic,"Murnan, Monica",0,900010
Crawford,Baker Enclave,State House,3,Republican,"Smith, Charles (Chuck)",0,900010
Crawford,Parkview Enclave,State House,2,Democratic,"Grant, Lynn D.",0,900020
Crawford,Parkview Enclave,State House,2,Republican,"Collins, Kenneth",0,900020
Crawford,Pittsburg Ward 2 Precinct 5 Exclave A,State House,3,Democratic,"Murnan, Monica",0,900030
Crawford,Pittsburg Ward 2 Precinct 5 Exclave A,State House,3,Republican,"Smith, Charles (Chuck)",0,900030
Crawford,Pittsburg Ward 2 Precinct 5 Exclave B,State House,3,Democratic,"Murnan, Monica",0,900040
Crawford,Pittsburg Ward 2 Precinct 5 Exclave B,State House,3,Republican,"Smith, Charles (Chuck)",0,900040
Crawford,Arcadia,State Senate,13,Democratic,"Ingle, Nancy J.",55,000010
Crawford,Arcadia,State Senate,13,Republican,"Hilderbrand, Richard",96,000010
Crawford,Baker,State Senate,13,Democratic,"Ingle, Nancy J.",193,000020
Crawford,Baker,State Senate,13,Republican,"Hilderbrand, Richard",343,000020
Crawford,Beulah,State Senate,13,Democratic,"Ingle, Nancy J.",45,000030
Crawford,Beulah,State Senate,13,Republican,"Hilderbrand, Richard",108,000030
Crawford,Sheridan - Cherokee City,State Senate,13,Democratic,"Ingle, Nancy J.",24,000033
Crawford,Sheridan - Cherokee City,State Senate,13,Republican,"Hilderbrand, Richard",33,000033
Crawford,Brazilton,State Senate,13,Democratic,"Ingle, Nancy J.",14,000040
Crawford,Brazilton,State Senate,13,Republican,"Hilderbrand, Richard",27,000040
Crawford,Capaldo,State Senate,13,Democratic,"Ingle, Nancy J.",100,000050
Crawford,Capaldo,State Senate,13,Republican,"Hilderbrand, Richard",162,000050
Crawford,Cherokee,State Senate,13,Democratic,"Ingle, Nancy J.",81,000060
Crawford,Cherokee,State Senate,13,Republican,"Hilderbrand, Richard",159,000060
Crawford,Chicopee,State Senate,13,Democratic,"Ingle, Nancy J.",106,000070
Crawford,Chicopee,State Senate,13,Republican,"Hilderbrand, Richard",223,000070
Crawford,Crawford,State Senate,13,Democratic,"Ingle, Nancy J.",65,000080
Crawford,Crawford,State Senate,13,Republican,"Hilderbrand, Richard",195,000080
Crawford,Crowe,State Senate,13,Democratic,"Ingle, Nancy J.",48,000090
Crawford,Crowe,State Senate,13,Republican,"Hilderbrand, Richard",66,000090
Crawford,Frontenac Ward 1,State Senate,13,Democratic,"Ingle, Nancy J.",249,000110
Crawford,Frontenac Ward 1,State Senate,13,Republican,"Hilderbrand, Richard",239,000110
Crawford,Frontenac Ward 2,State Senate,13,Democratic,"Ingle, Nancy J.",346,00012A
Crawford,Frontenac Ward 2,State Senate,13,Republican,"Hilderbrand, Richard",329,00012A
Crawford,Frontenac Ward 3,State Senate,13,Democratic,"Ingle, Nancy J.",130,00013A
Crawford,Frontenac Ward 3,State Senate,13,Republican,"Hilderbrand, Richard",136,00013A
Crawford,Frontenac Ward 3 Industrial Park,State Senate,13,Democratic,"Ingle, Nancy J.",0,00013B
Crawford,Frontenac Ward 3 Industrial Park,State Senate,13,Republican,"Hilderbrand, Richard",0,00013B
Crawford,Frontenac Ward 4,State Senate,13,Democratic,"Ingle, Nancy J.",123,00014A
Crawford,Frontenac Ward 4,State Senate,13,Republican,"Hilderbrand, Richard",120,00014A
Crawford,Girard Ward 1,State Senate,13,Democratic,"Ingle, Nancy J.",52,000150
Crawford,Girard Ward 1,State Senate,13,Republican,"Hilderbrand, Richard",82,000150
Crawford,Girard Ward 2,State Senate,13,Democratic,"Ingle, Nancy J.",115,00016A
Crawford,Girard Ward 2,State Senate,13,Republican,"Hilderbrand, Richard",262,00016A
Crawford,Girard Ward 3,State Senate,13,Democratic,"Ingle, Nancy J.",106,00017A
Crawford,Girard Ward 3,State Senate,13,Republican,"Hilderbrand, Richard",137,00017A
Crawford,Girard Ward 3 Exclave Golf Course,State Senate,13,Democratic,"Ingle, Nancy J.",0,00017B
Crawford,Girard Ward 3 Exclave Golf Course,State Senate,13,Republican,"Hilderbrand, Richard",0,00017B
Crawford,Girard Ward 4,State Senate,13,Democratic,"Ingle, Nancy J.",116,000180
Crawford,Girard Ward 4,State Senate,13,Republican,"Hilderbrand, Richard",221,000180
Crawford,Grant,State Senate,13,Democratic,"Ingle, Nancy J.",37,000190
Crawford,Grant,State Senate,13,Republican,"Hilderbrand, Richard",93,000190
Crawford,Hepler,State Senate,13,Democratic,"Ingle, Nancy J.",17,000200
Crawford,Hepler,State Senate,13,Republican,"Hilderbrand, Richard",24,000200
Crawford,Lincoln,State Senate,13,Democratic,"Ingle, Nancy J.",55,000210
Crawford,Lincoln,State Senate,13,Republican,"Hilderbrand, Richard",129,000210
Crawford,Lone Star,State Senate,13,Democratic,"Ingle, Nancy J.",220,00022A
Crawford,Lone Star,State Senate,13,Republican,"Hilderbrand, Richard",371,00022A
Crawford,McCune,State Senate,13,Democratic,"Ingle, Nancy J.",62,000230
Crawford,McCune,State Senate,13,Republican,"Hilderbrand, Richard",122,000230
Crawford,Mulberry Ward 1,State Senate,13,Democratic,"Ingle, Nancy J.",27,000240
Crawford,Mulberry Ward 1,State Senate,13,Republican,"Hilderbrand, Richard",47,000240
Crawford,Mulberry Ward 2,State Senate,13,Democratic,"Ingle, Nancy J.",43,000250
Crawford,Mulberry Ward 2,State Senate,13,Republican,"Hilderbrand, Richard",43,000250
Crawford,North Arma,State Senate,13,Democratic,"Ingle, Nancy J.",145,000260
Crawford,North Arma,State Senate,13,Republican,"Hilderbrand, Richard",208,000260
Crawford,Opolis,State Senate,13,Democratic,"Ingle, Nancy J.",65,000270
Crawford,Opolis,State Senate,13,Republican,"Hilderbrand, Richard",124,000270
Crawford,Parkview,State Senate,13,Democratic,"Ingle, Nancy J.",113,000280
Crawford,Parkview,State Senate,13,Republican,"Hilderbrand, Richard",189,000280
Crawford,Pittsburg Ward 1 Precinct 1,State Senate,13,Democratic,"Ingle, Nancy J.",191,000290
Crawford,Pittsburg Ward 1 Precinct 1,State Senate,13,Republican,"Hilderbrand, Richard",191,000290
Crawford,Pittsburg Ward 1 Precinct 2,State Senate,13,Democratic,"Ingle, Nancy J.",259,000300
Crawford,Pittsburg Ward 1 Precinct 2,State Senate,13,Republican,"Hilderbrand, Richard",294,000300
Crawford,Pittsburg Ward 1 Precinct 3,State Senate,13,Democratic,"Ingle, Nancy J.",680,000310
Crawford,Pittsburg Ward 1 Precinct 3,State Senate,13,Republican,"Hilderbrand, Richard",741,000310
Crawford,Pittsburg Ward 2 Precinct 1,State Senate,13,Democratic,"Ingle, Nancy J.",118,000320
Crawford,Pittsburg Ward 2 Precinct 1,State Senate,13,Republican,"Hilderbrand, Richard",117,000320
Crawford,Pittsburg Ward 2 Precinct 2,State Senate,13,Democratic,"Ingle, Nancy J.",159,000330
Crawford,Pittsburg Ward 2 Precinct 2,State Senate,13,Republican,"Hilderbrand, Richard",156,000330
Crawford,Pittsburg Ward 2 Precinct 3,State Senate,13,Democratic,"Ingle, Nancy J.",209,000340
Crawford,Pittsburg Ward 2 Precinct 3,State Senate,13,Republican,"Hilderbrand, Richard",193,000340
Crawford,Pittsburg Ward 2 Precinct 4,State Senate,13,Democratic,"Ingle, Nancy J.",165,000350
Crawford,Pittsburg Ward 2 Precinct 4,State Senate,13,Republican,"Hilderbrand, Richard",173,000350
Crawford,Pittsburg Ward 2 Precinct 5,State Senate,13,Democratic,"Ingle, Nancy J.",259,000360
Crawford,Pittsburg Ward 2 Precinct 5,State Senate,13,Republican,"Hilderbrand, Richard",244,000360
Crawford,Pittsburg Ward 3 Precinct 1,State Senate,13,Democratic,"Ingle, Nancy J.",176,000370
Crawford,Pittsburg Ward 3 Precinct 1,State Senate,13,Republican,"Hilderbrand, Richard",163,000370
Crawford,Pittsburg Ward 3 Precinct 2,State Senate,13,Democratic,"Ingle, Nancy J.",223,00038A
Crawford,Pittsburg Ward 3 Precinct 2,State Senate,13,Republican,"Hilderbrand, Richard",226,00038A
Crawford,Pittsburg Ward 4 Precinct 1,State Senate,13,Democratic,"Ingle, Nancy J.",80,000390
Crawford,Pittsburg Ward 4 Precinct 1,State Senate,13,Republican,"Hilderbrand, Richard",52,000390
Crawford,Pittsburg Ward 4 Precinct 2,State Senate,13,Democratic,"Ingle, Nancy J.",174,000400
Crawford,Pittsburg Ward 4 Precinct 2,State Senate,13,Republican,"Hilderbrand, Richard",126,000400
Crawford,Pittsburg Ward 4 Precinct 3,State Senate,13,Democratic,"Ingle, Nancy J.",244,000410
Crawford,Pittsburg Ward 4 Precinct 3,State Senate,13,Republican,"Hilderbrand, Richard",269,000410
Crawford,Pittsburg Ward 4 Precinct 4,State Senate,13,Democratic,"Ingle, Nancy J.",140,00042A
Crawford,Pittsburg Ward 4 Precinct 4,State Senate,13,Republican,"Hilderbrand, Richard",149,00042A
Crawford,Pittsburg Ward 4 Precinct 5,State Senate,13,Democratic,"Ingle, Nancy J.",327,000430
Crawford,Pittsburg Ward 4 Precinct 5,State Senate,13,Republican,"Hilderbrand, Richard",384,000430
Crawford,Pittsburg Ward 4 Precinct 6,State Senate,13,Democratic,"Ingle, Nancy J.",32,00044A
Crawford,Pittsburg Ward 4 Precinct 6,State Senate,13,Republican,"Hilderbrand, Richard",94,00044A
Crawford,Raymond,State Senate,13,Democratic,"Ingle, Nancy J.",116,000450
Crawford,Raymond,State Senate,13,Republican,"Hilderbrand, Richard",273,000450
Crawford,Sheridan,State Senate,13,Democratic,"Ingle, Nancy J.",22,000460
Crawford,Sheridan,State Senate,13,Republican,"Hilderbrand, Richard",56,000460
Crawford,Sherman,State Senate,13,Democratic,"Ingle, Nancy J.",94,000470
Crawford,Sherman,State Senate,13,Republican,"Hilderbrand, Richard",211,000470
Crawford,Smelter,State Senate,13,Democratic,"Ingle, Nancy J.",116,000480
Crawford,Smelter,State Senate,13,Republican,"Hilderbrand, Richard",222,000480
Crawford,South Arma,State Senate,13,Democratic,"Ingle, Nancy J.",166,000490
Crawford,South Arma,State Senate,13,Republican,"Hilderbrand, Richard",264,000490
Crawford,Walnut,State Senate,13,Democratic,"Ingle, Nancy J.",22,000500
Crawford,Walnut,State Senate,13,Republican,"Hilderbrand, Richard",53,000500
Crawford,Lincoln - Arcadia,State Senate,13,Democratic,"Ingle, Nancy J.",19,000A41
Crawford,Lincoln - Arcadia,State Senate,13,Republican,"Hilderbrand, Richard",52,000A41
Crawford,Osage - McCune,State Senate,13,Democratic,"Ingle, Nancy J.",42,000A51
Crawford,Osage - McCune,State Senate,13,Republican,"Hilderbrand, Richard",180,000A51
Crawford,Cherokee - Sheridan,State Senate,13,Democratic,"Ingle, Nancy J.",43,000A62
Crawford,Cherokee - Sheridan,State Senate,13,Republican,"Hilderbrand, Richard",132,000A62
Crawford,Walnut - Helper,State Senate,13,Democratic,"Ingle, Nancy J.",11,000A82
Crawford,Walnut - Helper,State Senate,13,Republican,"Hilderbrand, Richard",26,000A82
Crawford,Walnut Township,State Senate,13,Democratic,"Ingle, Nancy J.",3,000A83
Crawford,Walnut Township,State Senate,13,Republican,"Hilderbrand, Richard",21,000A83
Crawford,Franklin,State Senate,13,Democratic,"Ingle, Nancy J.",84,700100
Crawford,Franklin,State Senate,13,Republican,"Hilderbrand, Richard",142,700100
Crawford,Baker Enclave,State Senate,13,Democratic,"Ingle, Nancy J.",0,900010
Crawford,Baker Enclave,State Senate,13,Republican,"Hilderbrand, Richard",0,900010
Crawford,Parkview Enclave,State Senate,13,Democratic,"Ingle, Nancy J.",0,900020
Crawford,Parkview Enclave,State Senate,13,Republican,"Hilderbrand, Richard",0,900020
Crawford,Pittsburg Ward 2 Precinct 5 Exclave A,State Senate,13,Democratic,"Ingle, Nancy J.",0,900030
Crawford,Pittsburg Ward 2 Precinct 5 Exclave A,State Senate,13,Republican,"Hilderbrand, Richard",0,900030
Crawford,Pittsburg Ward 2 Precinct 5 Exclave B,State Senate,13,Democratic,"Ingle, Nancy J.",0,900040
Crawford,Pittsburg Ward 2 Precinct 5 Exclave B,State Senate,13,Republican,"Hilderbrand, Richard",0,900040
Crawford,Arcadia,President / Vice President,,Democratic,Joseph R. Biden / Kamala D. Harris,39,000010
Crawford,Arcadia,President / Vice President,,Republican,Donald J. Trump / Michael R. Pence,109,000010
Crawford,Arcadia,President / Vice President,,Libertarian,"Jo Jorgensen / Jeremy ""Spike"" Cohen",4,000010
Crawford,Baker,President / Vice President,,Democratic,Joseph R. Biden / Kamala D. Harris,182,000020
Crawford,Baker,President / Vice President,,Republican,Donald J. Trump / Michael R. Pence,354,000020
Crawford,Baker,President / Vice President,,Libertarian,"Jo Jorgensen / Jeremy ""Spike"" Cohen",12,000020
Crawford,Beulah,President / Vice President,,Democratic,Joseph R. Biden / Kamala D. Harris,40,000030
Crawford,Beulah,President / Vice President,,Republican,Donald J. Trump / Michael R. Pence,104,000030
Crawford,Beulah,President / Vice President,,Libertarian,"Jo Jorgensen / Jeremy ""Spike"" Cohen",6,000030
Crawford,Sheridan - Cherokee City,President / Vice President,,Democratic,Joseph R. Biden / Kamala D. Harris,19,000033
Crawford,Sheridan - Cherokee City,President / Vice President,,Republican,Donald J. Trump / Michael R. Pence,37,000033
Crawford,Sheridan - Cherokee City,President / Vice President,,Libertarian,"Jo Jorgensen / Jeremy ""Spike"" Cohen",4,000033
Crawford,Brazilton,President / Vice President,,Democratic,Joseph R. Biden / Kamala D. Harris,7,000040
Crawford,Brazilton,President / Vice President,,Republican,Donald J. Trump / Michael R. Pence,34,000040
Crawford,Brazilton,President / Vice President,,Libertarian,"Jo Jorgensen / Jeremy ""Spike"" Cohen",0,000040
Crawford,Capaldo,President / Vice President,,Democratic,Joseph R. Biden / Kamala D. Harris,78,000050
Crawford,Capaldo,President / Vice President,,Republican,Donald J. Trump / Michael R. Pence,183,000050
Crawford,Capaldo,President / Vice President,,Libertarian,"Jo Jorgensen / Jeremy ""Spike"" Cohen",4,000050
Crawford,Cherokee,President / Vice President,,Democratic,Joseph R. Biden / Kamala D. Harris,66,000060
Crawford,Cherokee,President / Vice President,,Republican,Donald J. Trump / Michael R. Pence,170,000060
Crawford,Cherokee,President / Vice President,,Libertarian,"Jo Jorgensen / Jeremy ""Spike"" Cohen",8,000060
Crawford,Chicopee,President / Vice President,,Democratic,Joseph R. Biden / Kamala D. Harris,91,000070
Crawford,Chicopee,President / Vice President,,Republican,Donald J. Trump / Michael R. Pence,234,000070
Crawford,Chicopee,President / Vice President,,Libertarian,"Jo Jorgensen / Jeremy ""Spike"" Cohen",4,000070
Crawford,Crawford,President / Vice President,,Democratic,Joseph R. Biden / Kamala D. Harris,56,000080
Crawford,Crawford,President / Vice President,,Republican,Donald J. Trump / Michael R. Pence,205,000080
Crawford,Crawford,President / Vice President,,Libertarian,"Jo Jorgensen / Jeremy ""Spike"" Cohen",3,000080
Crawford,Crowe,President / Vice President,,Democratic,Joseph R. Biden / Kamala D. Harris,43,000090
Crawford,Crowe,President / Vice President,,Republican,Donald J. Trump / Michael R. Pence,66,000090
Crawford,Crowe,President / Vice President,,Libertarian,"Jo Jorgensen / Jeremy ""Spike"" Cohen",4,000090
Crawford,Frontenac Ward 1,President / Vice President,,Democratic,Joseph R. Biden / Kamala D. Harris,212,000110
Crawford,Frontenac Ward 1,President / Vice President,,Republican,Donald J. Trump / Michael R. Pence,280,000110
Crawford,Frontenac Ward 1,President / Vice President,,Libertarian,"Jo Jorgensen / Jeremy ""Spike"" Cohen",6,000110
Crawford,Frontenac Ward 2,President / Vice President,,Democratic,Joseph R. Biden / Kamala D. Harris,310,00012A
Crawford,Frontenac Ward 2,President / Vice President,,Republican,Donald J. Trump / Michael R. Pence,371,00012A
Crawford,Frontenac Ward 2,President / Vice President,,Libertarian,"Jo Jorgensen / Jeremy ""Spike"" Cohen",7,00012A
Crawford,Frontenac Ward 3,President / Vice President,,Democratic,Joseph R. Biden / Kamala D. Harris,91,00013A
Crawford,Frontenac Ward 3,President / Vice President,,Republican,Donald J. Trump / Michael R. Pence,169,00013A
Crawford,Frontenac Ward 3,President / Vice President,,Libertarian,"Jo Jorgensen / Jeremy ""Spike"" Cohen",12,00013A
Crawford,Frontenac Ward 3 Industrial Park,President / Vice President,,Democratic,Joseph R. Biden / Kamala D. Harris,0,00013B
Crawford,Frontenac Ward 3 Industrial Park,President / Vice President,,Republican,Donald J. Trump / Michael R. Pence,0,00013B
Crawford,Frontenac Ward 3 Industrial Park,President / Vice President,,Libertarian,"Jo Jorgensen / Jeremy ""Spike"" Cohen",0,00013B
Crawford,Frontenac Ward 4,President / Vice President,,Democratic,Joseph R. Biden / Kamala D. Harris,107,00014A
Crawford,Frontenac Ward 4,President / Vice President,,Republican,Donald J. Trump / Michael R. Pence,135,00014A
Crawford,Frontenac Ward 4,President / Vice President,,Libertarian,"Jo Jorgensen / Jeremy ""Spike"" Cohen",5,00014A
Crawford,Girard Ward 1,President / Vice President,,Democratic,Joseph R. Biden / Kamala D. Harris,40,000150
Crawford,Girard Ward 1,President / Vice President,,Republican,Donald J. Trump / Michael R. Pence,92,000150
Crawford,Girard Ward 1,President / Vice President,,Libertarian,"Jo Jorgensen / Jeremy ""Spike"" Cohen",2,000150
Crawford,Girard Ward 2,President / Vice President,,Democratic,Joseph R. Biden / Kamala D. Harris,108,00016A
Crawford,Girard Ward 2,President / Vice President,,Republican,Donald J. Trump / Michael R. Pence,266,00016A
Crawford,Girard Ward 2,President / Vice President,,Libertarian,"Jo Jorgensen / Jeremy ""Spike"" Cohen",7,00016A
Crawford,Girard Ward 3,President / Vice President,,Democratic,Joseph R. Biden / Kamala D. Harris,93,00017A
Crawford,Girard Ward 3,President / Vice President,,Republican,Donald J. Trump / Michael R. Pence,151,00017A
Crawford,Girard Ward 3,President / Vice President,,Libertarian,"Jo Jorgensen / Jeremy ""Spike"" Cohen",2,00017A
Crawford,Girard Ward 3 Exclave Golf Course,President / Vice President,,Democratic,Joseph R. Biden / Kamala D. Harris,0,00017B
Crawford,Girard Ward 3 Exclave Golf Course,President / Vice President,,Republican,Donald J. Trump / Michael R. Pence,0,00017B
Crawford,Girard Ward 3 Exclave Golf Course,President / Vice President,,Libertarian,"Jo Jorgensen / Jeremy ""Spike"" Cohen",0,00017B
Crawford,Girard Ward 4,President / Vice President,,Democratic,Joseph R. Biden / Kamala D. Harris,87,000180
Crawford,Girard Ward 4,President / Vice President,,Republican,Donald J. Trump / Michael R. Pence,247,000180
Crawford,Girard Ward 4,President / Vice President,,Libertarian,"Jo Jorgensen / Jeremy ""Spike"" Cohen",8,000180
Crawford,Grant,President / Vice President,,Democratic,Joseph R. Biden / Kamala D. Harris,28,000190
Crawford,Grant,President / Vice President,,Republican,Donald J. Trump / Michael R. Pence,98,000190
Crawford,Grant,President / Vice President,,Libertarian,"Jo Jorgensen / Jeremy ""Spike"" Cohen",4,000190
Crawford,Hepler,President / Vice President,,Democratic,Joseph R. Biden / Kamala D. Harris,6,000200
Crawford,Hepler,President / Vice President,,Republican,Donald J. Trump / Michael R. Pence,34,000200
Crawford,Hepler,President / Vice President,,Libertarian,"Jo Jorgensen / Jeremy ""Spike"" Cohen",1,000200
Crawford,Lincoln,President / Vice President,,Democratic,Joseph R. Biden / Kamala D. Harris,50,000210
Crawford,Lincoln,President / Vice President,,Republican,Donald J. Trump / Michael R. Pence,135,000210
Crawford,Lincoln,President / Vice President,,Libertarian,"Jo Jorgensen / Jeremy ""Spike"" Cohen",3,000210
Crawford,Lone Star,President / Vice President,,Democratic,Joseph R. Biden / Kamala D. Harris,205,00022A
Crawford,Lone Star,President / Vice President,,Republican,Donald J. Trump / Michael R. Pence,384,00022A
Crawford,Lone Star,President / Vice President,,Libertarian,"Jo Jorgensen / Jeremy ""Spike"" Cohen",14,00022A
Crawford,McCune,President / Vice President,,Democratic,Joseph R. Biden / Kamala D. Harris,56,000230
Crawford,McCune,President / Vice President,,Republican,Donald J. Trump / Michael R. Pence,128,000230
Crawford,McCune,President / Vice President,,Libertarian,"Jo Jorgensen / Jeremy ""Spike"" Cohen",5,000230
Crawford,Mulberry Ward 1,President / Vice President,,Democratic,Joseph R. Biden / Kamala D. Harris,24,000240
Crawford,Mulberry Ward 1,President / Vice President,,Republican,Donald J. Trump / Michael R. Pence,46,000240
Crawford,Mulberry Ward 1,President / Vice President,,Libertarian,"Jo Jorgensen / Jeremy ""Spike"" Cohen",3,000240
Crawford,Mulberry Ward 2,President / Vice President,,Democratic,Joseph R. Biden / Kamala D. Harris,37,000250
Crawford,Mulberry Ward 2,President / Vice President,,Republican,Donald J. Trump / Michael R. Pence,55,000250
Crawford,Mulberry Ward 2,President / Vice President,,Libertarian,"Jo Jorgensen / Jeremy ""Spike"" Cohen",2,000250
Crawford,North Arma,President / Vice President,,Democratic,Joseph R. Biden / Kamala D. Harris,125,000260
Crawford,North Arma,President / Vice President,,Republican,Donald J. Trump / Michael R. Pence,227,000260
Crawford,North Arma,President / Vice President,,Libertarian,"Jo Jorgensen / Jeremy ""Spike"" Cohen",13,000260
Crawford,Opolis,President / Vice President,,Democratic,Joseph R. Biden / Kamala D. Harris,70,000270
Crawford,Opolis,President / Vice President,,Republican,Donald J. Trump / Michael R. Pence,117,000270
Crawford,Opolis,President / Vice President,,Libertarian,"Jo Jorgensen / Jeremy ""Spike"" Cohen",4,000270
Crawford,Parkview,President / Vice President,,Democratic,Joseph R. Biden / Kamala D. Harris,98,000280
Crawford,Parkview,President / Vice President,,Republican,Donald J. Trump / Michael R. Pence,207,000280
Crawford,Parkview,President / Vice President,,Libertarian,"Jo Jorgensen / Jeremy ""Spike"" Cohen",4,000280
Crawford,Pittsburg Ward 1 Precinct 1,President / Vice President,,Democratic,Joseph R. Biden / Kamala D. Harris,168,000290
Crawford,Pittsburg Ward 1 Precinct 1,President / Vice President,,Republican,Donald J. Trump / Michael R. Pence,207,000290
Crawford,Pittsburg Ward 1 Precinct 1,President / Vice President,,Libertarian,"Jo Jorgensen / Jeremy ""Spike"" Cohen",11,000290
Crawford,Pittsburg Ward 1 Precinct 2,President / Vice President,,Democratic,Joseph R. Biden / Kamala D. Harris,248,000300
Crawford,Pittsburg Ward 1 Precinct 2,President / Vice President,,Republican,Donald J. Trump / Michael R. Pence,294,000300
Crawford,Pittsburg Ward 1 Precinct 2,President / Vice President,,Libertarian,"Jo Jorgensen / Jeremy ""Spike"" Cohen",19,000300
Crawford,Pittsburg Ward 1 Precinct 3,President / Vice President,,Democratic,Joseph R. Biden / Kamala D. Harris,661,000310
Crawford,Pittsburg Ward 1 Precinct 3,President / Vice President,,Republican,Donald J. Trump / Michael R. Pence,741,000310
Crawford,Pittsburg Ward 1 Precinct 3,President / Vice President,,Libertarian,"Jo Jorgensen / Jeremy ""Spike"" Cohen",38,000310
Crawford,Pittsburg Ward 2 Precinct 1,President / Vice President,,Democratic,Joseph R. Biden / Kamala D. Harris,108,000320
Crawford,Pittsburg Ward 2 Precinct 1,President / Vice President,,Republican,Donald J. Trump / Michael R. Pence,113,000320
Crawford,Pittsburg Ward 2 Precinct 1,President / Vice President,,Libertarian,"Jo Jorgensen / Jeremy ""Spike"" Cohen",15,000320
Crawford,Pittsburg Ward 2 Precinct 2,President / Vice President,,Democratic,Joseph R. Biden / Kamala D. Harris,150,000330
Crawford,Pittsburg Ward 2 Precinct 2,President / Vice President,,Republican,Donald J. Trump / Michael R. Pence,156,000330
Crawford,Pittsburg Ward 2 Precinct 2,President / Vice President,,Libertarian,"Jo Jorgensen / Jeremy ""Spike"" Cohen",12,000330
Crawford,Pittsburg Ward 2 Precinct 3,President / Vice President,,Democratic,Joseph R. Biden / Kamala D. Harris,188,000340
Crawford,Pittsburg Ward 2 Precinct 3,President / Vice President,,Republican,Donald J. Trump / Michael R. Pence,209,000340
Crawford,Pittsburg Ward 2 Precinct 3,President / Vice President,,Libertarian,"Jo Jorgensen / Jeremy ""Spike"" Cohen",11,000340
Crawford,Pittsburg Ward 2 Precinct 4,President / Vice President,,Democratic,Joseph R. Biden / Kamala D. Harris,153,000350
Crawford,Pittsburg Ward 2 Precinct 4,President / Vice President,,Republican,Donald J. Trump / Michael R. Pence,178,000350
Crawford,Pittsburg Ward 2 Precinct 4,President / Vice President,,Libertarian,"Jo Jorgensen / Jeremy ""Spike"" Cohen",9,000350
Crawford,Pittsburg Ward 2 Precinct 5,President / Vice President,,Democratic,Joseph R. Biden / Kamala D. Harris,253,000360
Crawford,Pittsburg Ward 2 Precinct 5,President / Vice President,,Republican,Donald J. Trump / Michael R. Pence,242,000360
Crawford,Pittsburg Ward 2 Precinct 5,President / Vice President,,Libertarian,"Jo Jorgensen / Jeremy ""Spike"" Cohen",15,000360
Crawford,Pittsburg Ward 3 Precinct 1,President / Vice President,,Democratic,Joseph R. Biden / Kamala D. Harris,167,000370
Crawford,Pittsburg Ward 3 Precinct 1,President / Vice President,,Republican,Donald J. Trump / Michael R. Pence,167,000370
Crawford,Pittsburg Ward 3 Precinct 1,President / Vice President,,Libertarian,"Jo Jorgensen / Jeremy ""Spike"" Cohen",10,000370
Crawford,Pittsburg Ward 3 Precinct 2,President / Vice President,,Democratic,Joseph R. Biden / Kamala D. Harris,191,00038A
Crawford,Pittsburg Ward 3 Precinct 2,President / Vice President,,Republican,Donald J. Trump / Michael R. Pence,249,00038A
Crawford,Pittsburg Ward 3 Precinct 2,President / Vice President,,Libertarian,"Jo Jorgensen / Jeremy ""Spike"" Cohen",13,00038A
Crawford,Pittsburg Ward 4 Precinct 1,President / Vice President,,Democratic,Joseph R. Biden / Kamala D. Harris,68,000390
Crawford,Pittsburg Ward 4 Precinct 1,President / Vice President,,Republican,Donald J. Trump / Michael R. Pence,58,000390
Crawford,Pittsburg Ward 4 Precinct 1,President / Vice President,,Libertarian,"Jo Jorgensen / Jeremy ""Spike"" Cohen",6,000390
Crawford,Pittsburg Ward 4 Precinct 2,President / Vice President,,Democratic,Joseph R. Biden / Kamala D. Harris,146,000400
Crawford,Pittsburg Ward 4 Precinct 2,President / Vice President,,Republican,Donald J. Trump / Michael R. Pence,146,000400
Crawford,Pittsburg Ward 4 Precinct 2,President / Vice President,,Libertarian,"Jo Jorgensen / Jeremy ""Spike"" Cohen",13,000400
Crawford,Pittsburg Ward 4 Precinct 3,President / Vice President,,Democratic,Joseph R. Biden / Kamala D. Harris,218,000410
Crawford,Pittsburg Ward 4 Precinct 3,President / Vice President,,Republican,Donald J. Trump / Michael R. Pence,283,000410
Crawford,Pittsburg Ward 4 Precinct 3,President / Vice President,,Libertarian,"Jo Jorgensen / Jeremy ""Spike"" Cohen",15,000410
Crawford,Pittsburg Ward 4 Precinct 4,President / Vice President,,Democratic,Joseph R. Biden / Kamala D. Harris,126,00042A
Crawford,Pittsburg Ward 4 Precinct 4,President / Vice President,,Republican,Donald J. Trump / Michael R. Pence,163,00042A
Crawford,Pittsburg Ward 4 Precinct 4,President / Vice President,,Libertarian,"Jo Jorgensen / Jeremy ""Spike"" Cohen",5,00042A
Crawford,Pittsburg Ward 4 Precinct 5,President / Vice President,,Democratic,Joseph R. Biden / Kamala D. Harris,295,000430
Crawford,Pittsburg Ward 4 Precinct 5,President / Vice President,,Republican,Donald J. Trump / Michael R. Pence,404,000430
Crawford,Pittsburg Ward 4 Precinct 5,President / Vice President,,Libertarian,"Jo Jorgensen / Jeremy ""Spike"" Cohen",26,000430
Crawford,Pittsburg Ward 4 Precinct 6,President / Vice President,,Democratic,Joseph R. Biden / Kamala D. Harris,32,00044A
Crawford,Pittsburg Ward 4 Precinct 6,President / Vice President,,Republican,Donald J. Trump / Michael R. Pence,94,00044A
Crawford,Pittsburg Ward 4 Precinct 6,President / Vice President,,Libertarian,"Jo Jorgensen / Jeremy ""Spike"" Cohen",2,00044A
Crawford,Raymond,President / Vice President,,Democratic,Joseph R. Biden / Kamala D. Harris,97,000450
Crawford,Raymond,President / Vice President,,Republican,Donald J. Trump / Michael R. Pence,282,000450
Crawford,Raymond,President / Vice President,,Libertarian,"Jo Jorgensen / Jeremy ""Spike"" Cohen",8,000450
Crawford,Sheridan,President / Vice President,,Democratic,Joseph R. Biden / Kamala D. Harris,19,000460
Crawford,Sheridan,President / Vice President,,Republican,Donald J. Trump / Michael R. Pence,56,000460
Crawford,Sheridan,President / Vice President,,Libertarian,"Jo Jorgensen / Jeremy ""Spike"" Cohen",4,000460
Crawford,Sherman,President / Vice President,,Democratic,Joseph R. Biden / Kamala D. Harris,82,000470
Crawford,Sherman,President / Vice President,,Republican,Donald J. Trump / Michael R. Pence,223,000470
Crawford,Sherman,President / Vice President,,Libertarian,"Jo Jorgensen / Jeremy ""Spike"" Cohen",6,000470
Crawford,Smelter,President / Vice President,,Democratic,Joseph R. Biden / Kamala D. Harris,108,000480
Crawford,Smelter,President / Vice President,,Republican,Donald J. Trump / Michael R. Pence,222,000480
Crawford,Smelter,President / Vice President,,Libertarian,"Jo Jorgensen / Jeremy ""Spike"" Cohen",5,000480
Crawford,South Arma,President / Vice President,,Democratic,Joseph R. Biden / Kamala D. Harris,151,000490
Crawford,South Arma,President / Vice President,,Republican,Donald J. Trump / Michael R. Pence,275,000490
Crawford,South Arma,President / Vice President,,Libertarian,"Jo Jorgensen / Jeremy ""Spike"" Cohen",8,000490
Crawford,Walnut,President / Vice President,,Democratic,Joseph R. Biden / Kamala D. Harris,14,000500
Crawford,Walnut,President / Vice President,,Republican,Donald J. Trump / Michael R. Pence,55,000500
Crawford,Walnut,President / Vice President,,Libertarian,"Jo Jorgensen / Jeremy ""Spike"" Cohen",6,000500
Crawford,Lincoln - Arcadia,President / Vice President,,Democratic,Joseph R. Biden / Kamala D. Harris,17,000A41
Crawford,Lincoln - Arcadia,President / Vice President,,Republican,Donald J. Trump / Michael R. Pence,55,000A41
Crawford,Lincoln - Arcadia,President / Vice President,,Libertarian,"Jo Jorgensen / Jeremy ""Spike"" Cohen",1,000A41
Crawford,Osage - McCune,President / Vice President,,Democratic,Joseph R. Biden / Kamala D. Harris,30,000A51
Crawford,Osage - McCune,President / Vice President,,Republican,Donald J. Trump / Michael R. Pence,191,000A51
Crawford,Osage - McCune,President / Vice President,,Libertarian,"Jo Jorgensen / Jeremy ""Spike"" Cohen",3,000A51
Crawford,Cherokee - Sheridan,President / Vice President,,Democratic,Joseph R. Biden / Kamala D. Harris,40,000A62
Crawford,Cherokee - Sheridan,President / Vice President,,Republican,Donald J. Trump / Michael R. Pence,139,000A62
Crawford,Cherokee - Sheridan,President / Vice President,,Libertarian,"Jo Jorgensen / Jeremy ""Spike"" Cohen",3,000A62
Crawford,Walnut - Helper,President / Vice President,,Democratic,Joseph R. Biden / Kamala D. Harris,7,000A82
Crawford,Walnut - Helper,President / Vice President,,Republican,Donald J. Trump / Michael R. Pence,30,000A82
Crawford,Walnut - Helper,President / Vice President,,Libertarian,"Jo Jorgensen / Jeremy ""Spike"" Cohen",1,000A82
Crawford,Walnut Township,President / Vice President,,Democratic,Joseph R. Biden / Kamala D. Harris,2,000A83
Crawford,Walnut Township,President / Vice President,,Republican,Donald J. Trump / Michael R. Pence,23,000A83
Crawford,Walnut Township,President / Vice President,,Libertarian,"Jo Jorgensen / Jeremy ""Spike"" Cohen",0,000A83
Crawford,Franklin,President / Vice President,,Democratic,Joseph R. Biden / Kamala D. Harris,72,700100
Crawford,Franklin,President / Vice President,,Republican,Donald J. Trump / Michael R. Pence,152,700100
Crawford,Franklin,President / Vice President,,Libertarian,"Jo Jorgensen / Jeremy ""Spike"" Cohen",5,700100
Crawford,Baker Enclave,President / Vice President,,Democratic,Joseph R. Biden / Kamala D. Harris,0,900010
Crawford,Baker Enclave,President / Vice President,,Republican,Donald J. Trump / Michael R. Pence,0,900010
Crawford,Baker Enclave,President / Vice President,,Libertarian,"Jo Jorgensen / Jeremy ""Spike"" Cohen",0,900010
Crawford,Parkview Enclave,President / Vice President,,Democratic,Joseph R. Biden / Kamala D. Harris,0,900020
Crawford,Parkview Enclave,President / Vice President,,Republican,Donald J. Trump / Michael R. Pence,0,900020
Crawford,Parkview Enclave,President / Vice President,,Libertarian,"Jo Jorgensen / Jeremy ""Spike"" Cohen",0,900020
Crawford,Pittsburg Ward 2 Precinct 5 Exclave A,President / Vice President,,Democratic,Joseph R. Biden / Kamala D. Harris,0,900030
Crawford,Pittsburg Ward 2 Precinct 5 Exclave A,President / Vice President,,Republican,Donald J. Trump / Michael R. Pence,0,900030
Crawford,Pittsburg Ward 2 Precinct 5 Exclave A,President / Vice President,,Libertarian,"Jo Jorgensen / Jeremy ""Spike"" Cohen",0,900030
Crawford,Pittsburg Ward 2 Precinct 5 Exclave B,President / Vice President,,Democratic,Joseph R. Biden / Kamala D. Harris,0,900040
Crawford,Pittsburg Ward 2 Precinct 5 Exclave B,President / Vice President,,Republican,Donald J. Trump / Michael R. Pence,0,900040
Crawford,Pittsburg Ward 2 Precinct 5 Exclave B,President / Vice President,,Libertarian,"Jo Jorgensen / Jeremy ""Spike"" Cohen",0,900040
Crawford,Arcadia,Supreme Court Justice,4,,"Rosen, Eric S. - ""YES""",82,000010
Crawford,Arcadia,Supreme Court Justice,4,,"Rosen, Eric S. - ""NO""",44,000010
Crawford,Baker,Supreme Court Justice,4,,"Rosen, Eric S. - ""YES""",341,000020
Crawford,Baker,Supreme Court Justice,4,,"Rosen, Eric S. - ""NO""",145,000020
Crawford,Beulah,Supreme Court Justice,4,,"Rosen, Eric S. - ""YES""",82,000030
Crawford,Beulah,Supreme Court Justice,4,,"Rosen, Eric S. - ""NO""",52,000030
Crawford,Sheridan - Cherokee City,Supreme Court Justice,4,,"Rosen, Eric S. - ""YES""",32,000033
Crawford,Sheridan - Cherokee City,Supreme Court Justice,4,,"Rosen, Eric S. - ""NO""",18,000033
Crawford,Brazilton,Supreme Court Justice,4,,"Rosen, Eric S. - ""YES""",18,000040
Crawford,Brazilton,Supreme Court Justice,4,,"Rosen, Eric S. - ""NO""",17,000040
Crawford,Capaldo,Supreme Court Justice,4,,"Rosen, Eric S. - ""YES""",165,000050
Crawford,Capaldo,Supreme Court Justice,4,,"Rosen, Eric S. - ""NO""",66,000050
Crawford,Cherokee,Supreme Court Justice,4,,"Rosen, Eric S. - ""YES""",112,000060
Crawford,Cherokee,Supreme Court Justice,4,,"Rosen, Eric S. - ""NO""",107,000060
Crawford,Chicopee,Supreme Court Justice,4,,"Rosen, Eric S. - ""YES""",194,000070
Crawford,Chicopee,Supreme Court Justice,4,,"Rosen, Eric S. - ""NO""",104,000070
Crawford,Crawford,Supreme Court Justice,4,,"Rosen, Eric S. - ""YES""",134,000080
Crawford,Crawford,Supreme Court Justice,4,,"Rosen, Eric S. - ""NO""",87,000080
Crawford,Crowe,Supreme Court Justice,4,,"Rosen, Eric S. - ""YES""",67,000090
Crawford,Crowe,Supreme Court Justice,4,,"Rosen, Eric S. - ""NO""",34,000090
Crawford,Frontenac Ward 1,Supreme Court Justice,4,,"Rosen, Eric S. - ""YES""",302,000110
Crawford,Frontenac Ward 1,Supreme Court Justice,4,,"Rosen, Eric S. - ""NO""",132,000110
Crawford,Frontenac Ward 2,Supreme Court Justice,4,,"Rosen, Eric S. - ""YES""",412,00012A
Crawford,Frontenac Ward 2,Supreme Court Justice,4,,"Rosen, Eric S. - ""NO""",183,00012A
Crawford,Frontenac Ward 3,Supreme Court Justice,4,,"Rosen, Eric S. - ""YES""",169,00013A
Crawford,Frontenac Ward 3,Supreme Court Justice,4,,"Rosen, Eric S. - ""NO""",71,00013A
Crawford,Frontenac Ward 3 Industrial Park,Supreme Court Justice,4,,"Rosen, Eric S. - ""YES""",0,00013B
Crawford,Frontenac Ward 3 Industrial Park,Supreme Court Justice,4,,"Rosen, Eric S. - ""NO""",0,00013B
Crawford,Frontenac Ward 4,Supreme Court Justice,4,,"Rosen, Eric S. - ""YES""",158,00014A
Crawford,Frontenac Ward 4,Supreme Court Justice,4,,"Rosen, Eric S. - ""NO""",59,00014A
Crawford,Girard Ward 1,Supreme Court Justice,4,,"Rosen, Eric S. - ""YES""",77,000150
Crawford,Girard Ward 1,Supreme Court Justice,4,,"Rosen, Eric S. - ""NO""",45,000150
Crawford,Girard Ward 2,Supreme Court Justice,4,,"Rosen, Eric S. - ""YES""",247,00016A
Crawford,Girard Ward 2,Supreme Court Justice,4,,"Rosen, Eric S. - ""NO""",108,00016A
Crawford,Girard Ward 3,Supreme Court Justice,4,,"Rosen, Eric S. - ""YES""",155,00017A
Crawford,Girard Ward 3,Supreme Court Justice,4,,"Rosen, Eric S. - ""NO""",70,00017A
Crawford,Girard Ward 3 Exclave Golf Course,Supreme Court Justice,4,,"Rosen, Eric S. - ""YES""",0,00017B
Crawford,Girard Ward 3 Exclave Golf Course,Supreme Court Justice,4,,"Rosen, Eric S. - ""NO""",0,00017B
Crawford,Girard Ward 4,Supreme Court Justice,4,,"Rosen, Eric S. - ""YES""",213,000180
Crawford,Girard Ward 4,Supreme Court Justice,4,,"Rosen, Eric S. - ""NO""",106,000180
Crawford,Grant,Supreme Court Justice,4,,"Rosen, Eric S. - ""YES""",65,000190
Crawford,Grant,Supreme Court Justice,4,,"Rosen, Eric S. - ""NO""",49,000190
Crawford,Hepler,Supreme Court Justice,4,,"Rosen, Eric S. - ""YES""",27,000200
Crawford,Hepler,Supreme Court Justice,4,,"Rosen, Eric S. - ""NO""",9,000200
Crawford,Lincoln,Supreme Court Justice,4,,"Rosen, Eric S. - ""YES""",106,000210
Crawford,Lincoln,Supreme Court Justice,4,,"Rosen, Eric S. - ""NO""",65,000210
Crawford,Lone Star,Supreme Court Justice,4,,"Rosen, Eric S. - ""YES""",379,00022A
Crawford,Lone Star,Supreme Court Justice,4,,"Rosen, Eric S. - ""NO""",168,00022A
Crawford,McCune,Supreme Court Justice,4,,"Rosen, Eric S. - ""YES""",123,000230
Crawford,McCune,Supreme Court Justice,4,,"Rosen, Eric S. - ""NO""",47,000230
Crawford,Mulberry Ward 1,Supreme Court Justice,4,,"Rosen, Eric S. - ""YES""",52,000240
Crawford,Mulberry Ward 1,Supreme Court Justice,4,,"Rosen, Eric S. - ""NO""",13,000240
Crawford,Mulberry Ward 2,Supreme Court Justice,4,,"Rosen, Eric S. - ""YES""",49,000250
Crawford,Mulberry Ward 2,Supreme Court Justice,4,,"Rosen, Eric S. - ""NO""",29,000250
Crawford,North Arma,Supreme Court Justice,4,,"Rosen, Eric S. - ""YES""",222,000260
Crawford,North Arma,Supreme Court Justice,4,,"Rosen, Eric S. - ""NO""",85,000260
Crawford,Opolis,Supreme Court Justice,4,,"Rosen, Eric S. - ""YES""",108,000270
Crawford,Opolis,Supreme Court Justice,4,,"Rosen, Eric S. - ""NO""",62,000270
Crawford,Parkview,Supreme Court Justice,4,,"Rosen, Eric S. - ""YES""",175,000280
Crawford,Parkview,Supreme Court Justice,4,,"Rosen, Eric S. - ""NO""",94,000280
Crawford,Pittsburg Ward 1 Precinct 1,Supreme Court Justice,4,,"Rosen, Eric S. - ""YES""",250,000290
Crawford,Pittsburg Ward 1 Precinct 1,Supreme Court Justice,4,,"Rosen, Eric S. - ""NO""",93,000290
Crawford,Pittsburg Ward 1 Precinct 2,Supreme Court Justice,4,,"Rosen, Eric S. - ""YES""",355,000300
Crawford,Pittsburg Ward 1 Precinct 2,Supreme Court Justice,4,,"Rosen, Eric S. - ""NO""",140,000300
Crawford,Pittsburg Ward 1 Precinct 3,Supreme Court Justice,4,,"Rosen, Eric S. - ""YES""",910,000310
Crawford,Pittsburg Ward 1 Precinct 3,Supreme Court Justice,4,,"Rosen, Eric S. - ""NO""",347,000310
Crawford,Pittsburg Ward 2 Precinct 1,Supreme Court Justice,4,,"Rosen, Eric S. - ""YES""",169,000320
Crawford,Pittsburg Ward 2 Precinct 1,Supreme Court Justice,4,,"Rosen, Eric S. - ""NO""",54,000320
Crawford,Pittsburg Ward 2 Precinct 2,Supreme Court Justice,4,,"Rosen, Eric S. - ""YES""",217,000330
Crawford,Pittsburg Ward 2 Precinct 2,Supreme Court Justice,4,,"Rosen, Eric S. - ""NO""",76,000330
Crawford,Pittsburg Ward 2 Precinct 3,Supreme Court Justice,4,,"Rosen, Eric S. - ""YES""",265,000340
Crawford,Pittsburg Ward 2 Precinct 3,Supreme Court Justice,4,,"Rosen, Eric S. - ""NO""",101,000340
Crawford,Pittsburg Ward 2 Precinct 4,Supreme Court Justice,4,,"Rosen, Eric S. - ""YES""",219,000350
Crawford,Pittsburg Ward 2 Precinct 4,Supreme Court Justice,4,,"Rosen, Eric S. - ""NO""",98,000350
Crawford,Pittsburg Ward 2 Precinct 5,Supreme Court Justice,4,,"Rosen, Eric S. - ""YES""",331,000360
Crawford,Pittsburg Ward 2 Precinct 5,Supreme Court Justice,4,,"Rosen, Eric S. - ""NO""",124,000360
Crawford,Pittsburg Ward 3 Precinct 1,Supreme Court Justice,4,,"Rosen, Eric S. - ""YES""",229,000370
Crawford,Pittsburg Ward 3 Precinct 1,Supreme Court Justice,4,,"Rosen, Eric S. - ""NO""",80,000370
Crawford,Pittsburg Ward 3 Precinct 2,Supreme Court Justice,4,,"Rosen, Eric S. - ""YES""",290,00038A
Crawford,Pittsburg Ward 3 Precinct 2,Supreme Court Justice,4,,"Rosen, Eric S. - ""NO""",115,00038A
Crawford,Pittsburg Ward 4 Precinct 1,Supreme Court Justice,4,,"Rosen, Eric S. - ""YES""",82,000390
Crawford,Pittsburg Ward 4 Precinct 1,Supreme Court Justice,4,,"Rosen, Eric S. - ""NO""",39,000390
Crawford,Pittsburg Ward 4 Precinct 2,Supreme Court Justice,4,,"Rosen, Eric S. - ""YES""",188,000400
Crawford,Pittsburg Ward 4 Precinct 2,Supreme Court Justice,4,,"Rosen, Eric S. - ""NO""",81,000400
Crawford,Pittsburg Ward 4 Precinct 3,Supreme Court Justice,4,,"Rosen, Eric S. - ""YES""",348,000410
Crawford,Pittsburg Ward 4 Precinct 3,Supreme Court Justice,4,,"Rosen, Eric S. - ""NO""",130,000410
Crawford,Pittsburg Ward 4 Precinct 4,Supreme Court Justice,4,,"Rosen, Eric S. - ""YES""",198,00042A
Crawford,Pittsburg Ward 4 Precinct 4,Supreme Court Justice,4,,"Rosen, Eric S. - ""NO""",62,00042A
Crawford,Pittsburg Ward 4 Precinct 5,Supreme Court Justice,4,,"Rosen, Eric S. - ""YES""",471,000430
Crawford,Pittsburg Ward 4 Precinct 5,Supreme Court Justice,4,,"Rosen, Eric S. - ""NO""",169,000430
Crawford,Pittsburg Ward 4 Precinct 6,Supreme Court Justice,4,,"Rosen, Eric S. - ""YES""",67,00044A
Crawford,Pittsburg Ward 4 Precinct 6,Supreme Court Justice,4,,"Rosen, Eric S. - ""NO""",44,00044A
Crawford,Raymond,Supreme Court Justice,4,,"Rosen, Eric S. - ""YES""",222,000450
Crawford,Raymond,Supreme Court Justice,4,,"Rosen, Eric S. - ""NO""",120,000450
Crawford,Sheridan,Supreme Court Justice,4,,"Rosen, Eric S. - ""YES""",49,000460
Crawford,Sheridan,Supreme Court Justice,4,,"Rosen, Eric S. - ""NO""",20,000460
Crawford,Sherman,Supreme Court Justice,4,,"Rosen, Eric S. - ""YES""",167,000470
Crawford,Sherman,Supreme Court Justice,4,,"Rosen, Eric S. - ""NO""",94,000470
Crawford,Smelter,Supreme Court Justice,4,,"Rosen, Eric S. - ""YES""",202,000480
Crawford,Smelter,Supreme Court Justice,4,,"Rosen, Eric S. - ""NO""",100,000480
Crawford,South Arma,Supreme Court Justice,4,,"Rosen, Eric S. - ""YES""",250,000490
Crawford,South Arma,Supreme Court Justice,4,,"Rosen, Eric S. - ""NO""",124,000490
Crawford,Walnut,Supreme Court Justice,4,,"Rosen, Eric S. - ""YES""",44,000500
Crawford,Walnut,Supreme Court Justice,4,,"Rosen, Eric S. - ""NO""",20,000500
Crawford,Lincoln - Arcadia,Supreme Court Justice,4,,"Rosen, Eric S. - ""YES""",47,000A41
Crawford,Lincoln - Arcadia,Supreme Court Justice,4,,"Rosen, Eric S. - ""NO""",13,000A41
Crawford,Osage - McCune,Supreme Court Justice,4,,"Rosen, Eric S. - ""YES""",110,000A51
Crawford,Osage - McCune,Supreme Court Justice,4,,"Rosen, Eric S. - ""NO""",86,000A51
Crawford,Cherokee - Sheridan,Supreme Court Justice,4,,"Rosen, Eric S. - ""YES""",69,000A62
Crawford,Cherokee - Sheridan,Supreme Court Justice,4,,"Rosen, Eric S. - ""NO""",77,000A62
Crawford,Walnut - Helper,Supreme Court Justice,4,,"Rosen, Eric S. - ""YES""",23,000A82
Crawford,Walnut - Helper,Supreme Court Justice,4,,"Rosen, Eric S. - ""NO""",10,000A82
Crawford,Walnut Township,Supreme Court Justice,4,,"Rosen, Eric S. - ""YES""",13,000A83
Crawford,Walnut Township,Supreme Court Justice,4,,"Rosen, Eric S. - ""NO""",9,000A83
Crawford,Franklin,Supreme Court Justice,4,,"Rosen, Eric S. - ""YES""",142,700100
Crawford,Franklin,Supreme Court Justice,4,,"Rosen, Eric S. - ""NO""",73,700100
Crawford,Baker Enclave,Supreme Court Justice,4,,"Rosen, Eric S. - ""YES""",0,900010
Crawford,Baker Enclave,Supreme Court Justice,4,,"Rosen, Eric S. - ""NO""",0,900010
Crawford,Parkview Enclave,Supreme Court Justice,4,,"Rosen, Eric S. - ""YES""",0,900020
Crawford,Parkview Enclave,Supreme Court Justice,4,,"Rosen, Eric S. - ""NO""",0,900020
Crawford,Pittsburg Ward 2 Precinct 5 Exclave A,Supreme Court Justice,4,,"Rosen, Eric S. - ""YES""",0,900030
Crawford,Pittsburg Ward 2 Precinct 5 Exclave A,Supreme Court Justice,4,,"Rosen, Eric S. - ""NO""",0,900030
Crawford,Pittsburg Ward 2 Precinct 5 Exclave B,Supreme Court Justice,4,,"Rosen, Eric S. - ""YES""",0,900040
Crawford,Pittsburg Ward 2 Precinct 5 Exclave B,Supreme Court Justice,4,,"Rosen, Eric S. - ""NO""",0,900040
Crawford,Arcadia,U.S. House,2,Democratic,"De La Isla, Michelle",40,000010
Crawford,Arcadia,U.S. House,2,Republican,"LaTurner, Jake",95,000010
Crawford,Arcadia,U.S. House,2,Libertarian,"Garrard, Robert",15,000010
Crawford,Baker,U.S. House,2,Democratic,"De La Isla, Michelle",172,000020
Crawford,Baker,U.S. House,2,Republican,"LaTurner, Jake",351,000020
Crawford,Baker,U.S. House,2,Libertarian,"Garrard, Robert",13,000020
Crawford,Beulah,U.S. House,2,Democratic,"De La Isla, Michelle",41,000030
Crawford,Beulah,U.S. House,2,Republican,"LaTurner, Jake",96,000030
Crawford,Beulah,U.S. House,2,Libertarian,"Garrard, Robert",14,000030
Crawford,Sheridan - Cherokee City,U.S. House,2,Democratic,"De La Isla, Michelle",20,000033
Crawford,Sheridan - Cherokee City,U.S. House,2,Republican,"LaTurner, Jake",32,000033
Crawford,Sheridan - Cherokee City,U.S. House,2,Libertarian,"Garrard, Robert",7,000033
Crawford,Brazilton,U.S. House,2,Democratic,"De La Isla, Michelle",9,000040
Crawford,Brazilton,U.S. House,2,Republican,"LaTurner, Jake",31,000040
Crawford,Brazilton,U.S. House,2,Libertarian,"Garrard, Robert",1,000040
Crawford,Capaldo,U.S. House,2,Democratic,"De La Isla, Michelle",85,000050
Crawford,Capaldo,U.S. House,2,Republican,"LaTurner, Jake",165,000050
Crawford,Capaldo,U.S. House,2,Libertarian,"Garrard, Robert",12,000050
Crawford,Cherokee,U.S. House,2,Democratic,"De La Isla, Michelle",68,000060
Crawford,Cherokee,U.S. House,2,Republican,"LaTurner, Jake",161,000060
Crawford,Cherokee,U.S. House,2,Libertarian,"Garrard, Robert",11,000060
Crawford,Chicopee,U.S. House,2,Democratic,"De La Isla, Michelle",91,000070
Crawford,Chicopee,U.S. House,2,Republican,"LaTurner, Jake",233,000070
Crawford,Chicopee,U.S. House,2,Libertarian,"Garrard, Robert",7,000070
Crawford,Crawford,U.S. House,2,Democratic,"De La Isla, Michelle",50,000080
Crawford,Crawford,U.S. House,2,Republican,"LaTurner, Jake",195,000080
Crawford,Crawford,U.S. House,2,Libertarian,"Garrard, Robert",13,000080
Crawford,Crowe,U.S. House,2,Democratic,"De La Isla, Michelle",48,000090
Crawford,Crowe,U.S. House,2,Republican,"LaTurner, Jake",63,000090
Crawford,Crowe,U.S. House,2,Libertarian,"Garrard, Robert",5,000090
Crawford,Frontenac Ward 1,U.S. House,2,Democratic,"De La Isla, Michelle",207,000110
Crawford,Frontenac Ward 1,U.S. House,2,Republican,"LaTurner, Jake",257,000110
Crawford,Frontenac Ward 1,U.S. House,2,Libertarian,"Garrard, Robert",26,000110
Crawford,Frontenac Ward 2,U.S. House,2,Democratic,"De La Isla, Michelle",288,00012A
Crawford,Frontenac Ward 2,U.S. House,2,Republican,"LaTurner, Jake",362,00012A
Crawford,Frontenac Ward 2,U.S. House,2,Libertarian,"Garrard, Robert",31,00012A
Crawford,Frontenac Ward 3,U.S. House,2,Democratic,"De La Isla, Michelle",101,00013A
Crawford,Frontenac Ward 3,U.S. House,2,Republican,"LaTurner, Jake",146,00013A
Crawford,Frontenac Ward 3,U.S. House,2,Libertarian,"Garrard, Robert",17,00013A
Crawford,Frontenac Ward 3 Industrial Park,U.S. House,2,Democratic,"De La Isla, Michelle",0,00013B
Crawford,Frontenac Ward 3 Industrial Park,U.S. House,2,Republican,"LaTurner, Jake",0,00013B
Crawford,Frontenac Ward 3 Industrial Park,U.S. House,2,Libertarian,"Garrard, Robert",0,00013B
Crawford,Frontenac Ward 4,U.S. House,2,Democratic,"De La Isla, Michelle",102,00014A
Crawford,Frontenac Ward 4,U.S. House,2,Republican,"LaTurner, Jake",126,00014A
Crawford,Frontenac Ward 4,U.S. House,2,Libertarian,"Garrard, Robert",15,00014A
Crawford,Girard Ward 1,U.S. House,2,Democratic,"De La Isla, Michelle",36,000150
Crawford,Girard Ward 1,U.S. House,2,Republican,"LaTurner, Jake",89,000150
Crawford,Girard Ward 1,U.S. House,2,Libertarian,"Garrard, Robert",9,000150
Crawford,Girard Ward 2,U.S. House,2,Democratic,"De La Isla, Michelle",108,00016A
Crawford,Girard Ward 2,U.S. House,2,Republican,"LaTurner, Jake",258,00016A
Crawford,Girard Ward 2,U.S. House,2,Libertarian,"Garrard, Robert",19,00016A
Crawford,Girard Ward 3,U.S. House,2,Democratic,"De La Isla, Michelle",91,00017A
Crawford,Girard Ward 3,U.S. House,2,Republican,"LaTurner, Jake",131,00017A
Crawford,Girard Ward 3,U.S. House,2,Libertarian,"Garrard, Robert",19,00017A
Crawford,Girard Ward 3 Exclave Golf Course,U.S. House,2,Democratic,"De La Isla, Michelle",0,00017B
Crawford,Girard Ward 3 Exclave Golf Course,U.S. House,2,Republican,"LaTurner, Jake",0,00017B
Crawford,Girard Ward 3 Exclave Golf Course,U.S. House,2,Libertarian,"Garrard, Robert",0,00017B
Crawford,Girard Ward 4,U.S. House,2,Democratic,"De La Isla, Michelle",95,000180
Crawford,Girard Ward 4,U.S. House,2,Republican,"LaTurner, Jake",229,000180
Crawford,Girard Ward 4,U.S. House,2,Libertarian,"Garrard, Robert",17,000180
Crawford,Grant,U.S. House,2,Democratic,"De La Isla, Michelle",26,000190
Crawford,Grant,U.S. House,2,Republican,"LaTurner, Jake",97,000190
Crawford,Grant,U.S. House,2,Libertarian,"Garrard, Robert",7,000190
Crawford,Hepler,U.S. House,2,Democratic,"De La Isla, Michelle",7,000200
Crawford,Hepler,U.S. House,2,Republican,"LaTurner, Jake",25,000200
Crawford,Hepler,U.S. House,2,Libertarian,"Garrard, Robert",8,000200
Crawford,Lincoln,U.S. House,2,Democratic,"De La Isla, Michelle",49,000210
Crawford,Lincoln,U.S. House,2,Republican,"LaTurner, Jake",125,000210
Crawford,Lincoln,U.S. House,2,Libertarian,"Garrard, Robert",11,000210
Crawford,Lone Star,U.S. House,2,Democratic,"De La Isla, Michelle",193,00022A
Crawford,Lone Star,U.S. House,2,Republican,"LaTurner, Jake",360,00022A
Crawford,Lone Star,U.S. House,2,Libertarian,"Garrard, Robert",42,00022A
Crawford,McCune,U.S. House,2,Democratic,"De La Isla, Michelle",53,000230
Crawford,McCune,U.S. House,2,Republican,"LaTurner, Jake",117,000230
Crawford,McCune,U.S. House,2,Libertarian,"Garrard, Robert",15,000230
Crawford,Mulberry Ward 1,U.S. House,2,Democratic,"De La Isla, Michelle",23,000240
Crawford,Mulberry Ward 1,U.S. House,2,Republican,"LaTurner, Jake",44,000240
Crawford,Mulberry Ward 1,U.S. House,2,Libertarian,"Garrard, Robert",7,000240
Crawford,Mulberry Ward 2,U.S. House,2,Democratic,"De La Isla, Michelle",36,000250
Crawford,Mulberry Ward 2,U.S. House,2,Republican,"LaTurner, Jake",49,000250
Crawford,Mulberry Ward 2,U.S. House,2,Libertarian,"Garrard, Robert",5,000250
Crawford,North Arma,U.S. House,2,Democratic,"De La Isla, Michelle",119,000260
Crawford,North Arma,U.S. House,2,Republican,"LaTurner, Jake",214,000260
Crawford,North Arma,U.S. House,2,Libertarian,"Garrard, Robert",25,000260
Crawford,Opolis,U.S. House,2,Democratic,"De La Isla, Michelle",64,000270
Crawford,Opolis,U.S. House,2,Republican,"LaTurner, Jake",117,000270
Crawford,Opolis,U.S. House,2,Libertarian,"Garrard, Robert",8,000270
Crawford,Parkview,U.S. House,2,Democratic,"De La Isla, Michelle",98,000280
Crawford,Parkview,U.S. House,2,Republican,"LaTurner, Jake",199,000280
Crawford,Parkview,U.S. House,2,Libertarian,"Garrard, Robert",7,000280
Crawford,Pittsburg Ward 1 Precinct 1,U.S. House,2,Democratic,"De La Isla, Michelle",173,000290
Crawford,Pittsburg Ward 1 Precinct 1,U.S. House,2,Republican,"LaTurner, Jake",199,000290
Crawford,Pittsburg Ward 1 Precinct 1,U.S. House,2,Libertarian,"Garrard, Robert",15,000290
Crawford,Pittsburg Ward 1 Precinct 2,U.S. House,2,Democratic,"De La Isla, Michelle",239,000300
Crawford,Pittsburg Ward 1 Precinct 2,U.S. House,2,Republican,"LaTurner, Jake",290,000300
Crawford,Pittsburg Ward 1 Precinct 2,U.S. House,2,Libertarian,"Garrard, Robert",28,000300
Crawford,Pittsburg Ward 1 Precinct 3,U.S. House,2,Democratic,"De La Isla, Michelle",607,000310
Crawford,Pittsburg Ward 1 Precinct 3,U.S. House,2,Republican,"LaTurner, Jake",758,000310
Crawford,Pittsburg Ward 1 Precinct 3,U.S. House,2,Libertarian,"Garrard, Robert",63,000310
Crawford,Pittsburg Ward 2 Precinct 1,U.S. House,2,Democratic,"De La Isla, Michelle",105,000320
Crawford,Pittsburg Ward 2 Precinct 1,U.S. House,2,Republican,"LaTurner, Jake",116,000320
Crawford,Pittsburg Ward 2 Precinct 1,U.S. House,2,Libertarian,"Garrard, Robert",18,000320
Crawford,Pittsburg Ward 2 Precinct 2,U.S. House,2,Democratic,"De La Isla, Michelle",143,000330
Crawford,Pittsburg Ward 2 Precinct 2,U.S. House,2,Republican,"LaTurner, Jake",149,000330
Crawford,Pittsburg Ward 2 Precinct 2,U.S. House,2,Libertarian,"Garrard, Robert",23,000330
Crawford,Pittsburg Ward 2 Precinct 3,U.S. House,2,Democratic,"De La Isla, Michelle",182,000340
Crawford,Pittsburg Ward 2 Precinct 3,U.S. House,2,Republican,"LaTurner, Jake",200,000340
Crawford,Pittsburg Ward 2 Precinct 3,U.S. House,2,Libertarian,"Garrard, Robert",22,000340
Crawford,Pittsburg Ward 2 Precinct 4,U.S. House,2,Democratic,"De La Isla, Michelle",139,000350
Crawford,Pittsburg Ward 2 Precinct 4,U.S. House,2,Republican,"LaTurner, Jake",188,000350
Crawford,Pittsburg Ward 2 Precinct 4,U.S. House,2,Libertarian,"Garrard, Robert",10,000350
Crawford,Pittsburg Ward 2 Precinct 5,U.S. House,2,Democratic,"De La Isla, Michelle",227,000360
Crawford,Pittsburg Ward 2 Precinct 5,U.S. House,2,Republican,"LaTurner, Jake",248,000360
Crawford,Pittsburg Ward 2 Precinct 5,U.S. House,2,Libertarian,"Garrard, Robert",31,000360
Crawford,Pittsburg Ward 3 Precinct 1,U.S. House,2,Democratic,"De La Isla, Michelle",158,000370
Crawford,Pittsburg Ward 3 Precinct 1,U.S. House,2,Republican,"LaTurner, Jake",163,000370
Crawford,Pittsburg Ward 3 Precinct 1,U.S. House,2,Libertarian,"Garrard, Robert",20,000370
Crawford,Pittsburg Ward 3 Precinct 2,U.S. House,2,Democratic,"De La Isla, Michelle",190,00038A
Crawford,Pittsburg Ward 3 Precinct 2,U.S. House,2,Republican,"LaTurner, Jake",242,00038A
Crawford,Pittsburg Ward 3 Precinct 2,U.S. House,2,Libertarian,"Garrard, Robert",18,00038A
Crawford,Pittsburg Ward 4 Precinct 1,U.S. House,2,Democratic,"De La Isla, Michelle",62,000390
Crawford,Pittsburg Ward 4 Precinct 1,U.S. House,2,Republican,"LaTurner, Jake",59,000390
Crawford,Pittsburg Ward 4 Precinct 1,U.S. House,2,Libertarian,"Garrard, Robert",11,000390
Crawford,Pittsburg Ward 4 Precinct 2,U.S. House,2,Democratic,"De La Isla, Michelle",146,000400
Crawford,Pittsburg Ward 4 Precinct 2,U.S. House,2,Republican,"LaTurner, Jake",139,000400
Crawford,Pittsburg Ward 4 Precinct 2,U.S. House,2,Libertarian,"Garrard, Robert",14,000400
Crawford,Pittsburg Ward 4 Precinct 3,U.S. House,2,Democratic,"De La Isla, Michelle",211,000410
Crawford,Pittsburg Ward 4 Precinct 3,U.S. House,2,Republican,"LaTurner, Jake",281,000410
Crawford,Pittsburg Ward 4 Precinct 3,U.S. House,2,Libertarian,"Garrard, Robert",27,000410
Crawford,Pittsburg Ward 4 Precinct 4,U.S. House,2,Democratic,"De La Isla, Michelle",122,00042A
Crawford,Pittsburg Ward 4 Precinct 4,U.S. House,2,Republican,"LaTurner, Jake",151,00042A
Crawford,Pittsburg Ward 4 Precinct 4,U.S. House,2,Libertarian,"Garrard, Robert",16,00042A
Crawford,Pittsburg Ward 4 Precinct 5,U.S. House,2,Democratic,"De La Isla, Michelle",285,000430
Crawford,Pittsburg Ward 4 Precinct 5,U.S. House,2,Republican,"LaTurner, Jake",400,000430
Crawford,Pittsburg Ward 4 Precinct 5,U.S. House,2,Libertarian,"Garrard, Robert",37,000430
Crawford,Pittsburg Ward 4 Precinct 6,U.S. House,2,Democratic,"De La Isla, Michelle",29,00044A
Crawford,Pittsburg Ward 4 Precinct 6,U.S. House,2,Republican,"LaTurner, Jake",93,00044A
Crawford,Pittsburg Ward 4 Precinct 6,U.S. House,2,Libertarian,"Garrard, Robert",4,00044A
Crawford,Raymond,U.S. House,2,Democratic,"De La Isla, Michelle",95,000450
Crawford,Raymond,U.S. House,2,Republican,"LaTurner, Jake",286,000450
Crawford,Raymond,U.S. House,2,Libertarian,"Garrard, Robert",8,000450
Crawford,Sheridan,U.S. House,2,Democratic,"De La Isla, Michelle",22,000460
Crawford,Sheridan,U.S. House,2,Republican,"LaTurner, Jake",52,000460
Crawford,Sheridan,U.S. House,2,Libertarian,"Garrard, Robert",5,000460
Crawford,Sherman,U.S. House,2,Democratic,"De La Isla, Michelle",91,000470
Crawford,Sherman,U.S. House,2,Republican,"LaTurner, Jake",198,000470
Crawford,Sherman,U.S. House,2,Libertarian,"Garrard, Robert",17,000470
Crawford,Smelter,U.S. House,2,Democratic,"De La Isla, Michelle",103,000480
Crawford,Smelter,U.S. House,2,Republican,"LaTurner, Jake",226,000480
Crawford,Smelter,U.S. House,2,Libertarian,"Garrard, Robert",8,000480
Crawford,South Arma,U.S. House,2,Democratic,"De La Isla, Michelle",157,000490
Crawford,South Arma,U.S. House,2,Republican,"LaTurner, Jake",257,000490
Crawford,South Arma,U.S. House,2,Libertarian,"Garrard, Robert",18,000490
Crawford,Walnut,U.S. House,2,Democratic,"De La Isla, Michelle",16,000500
Crawford,Walnut,U.S. House,2,Republican,"LaTurner, Jake",54,000500
Crawford,Walnut,U.S. House,2,Libertarian,"Garrard, Robert",3,000500
Crawford,Lincoln - Arcadia,U.S. House,2,Democratic,"De La Isla, Michelle",10,000A41
Crawford,Lincoln - Arcadia,U.S. House,2,Republican,"LaTurner, Jake",55,000A41
Crawford,Lincoln - Arcadia,U.S. House,2,Libertarian,"Garrard, Robert",7,000A41
Crawford,Osage - McCune,U.S. House,2,Democratic,"De La Isla, Michelle",35,000A51
Crawford,Osage - McCune,U.S. House,2,Republican,"LaTurner, Jake",180,000A51
Crawford,Osage - McCune,U.S. House,2,Libertarian,"Garrard, Robert",7,000A51
Crawford,Cherokee - Sheridan,U.S. House,2,Democratic,"De La Isla, Michelle",39,000A62
Crawford,Cherokee - Sheridan,U.S. House,2,Republican,"LaTurner, Jake",128,000A62
Crawford,Cherokee - Sheridan,U.S. House,2,Libertarian,"Garrard, Robert",10,000A62
Crawford,Walnut - Helper,U.S. House,2,Democratic,"De La Isla, Michelle",8,000A82
Crawford,Walnut - Helper,U.S. House,2,Republican,"LaTurner, Jake",25,000A82
Crawford,Walnut - Helper,U.S. House,2,Libertarian,"Garrard, Robert",3,000A82
Crawford,Walnut Township,U.S. House,2,Democratic,"De La Isla, Michelle",1,000A83
Crawford,Walnut Township,U.S. House,2,Republican,"LaTurner, Jake",23,000A83
Crawford,Walnut Township,U.S. House,2,Libertarian,"Garrard, Robert",1,000A83
Crawford,Franklin,U.S. House,2,Democratic,"De La Isla, Michelle",78,700100
Crawford,Franklin,U.S. House,2,Republican,"LaTurner, Jake",133,700100
Crawford,Franklin,U.S. House,2,Libertarian,"Garrard, Robert",17,700100
Crawford,Baker Enclave,U.S. House,2,Democratic,"De La Isla, Michelle",0,900010
Crawford,Baker Enclave,U.S. House,2,Republican,"LaTurner, Jake",0,900010
Crawford,Baker Enclave,U.S. House,2,Libertarian,"Garrard, Robert",0,900010
Crawford,Parkview Enclave,U.S. House,2,Democratic,"De La Isla, Michelle",0,900020
Crawford,Parkview Enclave,U.S. House,2,Republican,"LaTurner, Jake",0,900020
Crawford,Parkview Enclave,U.S. House,2,Libertarian,"Garrard, Robert",0,900020
Crawford,Pittsburg Ward 2 Precinct 5 Exclave A,U.S. House,2,Democratic,"De La Isla, Michelle",0,900030
Crawford,Pittsburg Ward 2 Precinct 5 Exclave A,U.S. House,2,Republican,"LaTurner, Jake",0,900030
Crawford,Pittsburg Ward 2 Precinct 5 Exclave A,U.S. House,2,Libertarian,"Garrard, Robert",0,900030
Crawford,Pittsburg Ward 2 Precinct 5 Exclave B,U.S. House,2,Democratic,"De La Isla, Michelle",0,900040
Crawford,Pittsburg Ward 2 Precinct 5 Exclave B,U.S. House,2,Republican,"LaTurner, Jake",0,900040
Crawford,Pittsburg Ward 2 Precinct 5 Exclave B,U.S. House,2,Libertarian,"Garrard, Robert",0,900040
Crawford,Arcadia,U.S. Senate,,Democratic,"Bollier, Barbara",43,000010
Crawford,Arcadia,U.S. Senate,,Republican,"Marshall, Roger",93,000010
Crawford,Arcadia,U.S. Senate,,Libertarian,"Buckley, Jason",14,000010
Crawford,Baker,U.S. Senate,,Democratic,"Bollier, Barbara",187,000020
Crawford,Baker,U.S. Senate,,Republican,"Marshall, Roger",328,000020
Crawford,Baker,U.S. Senate,,Libertarian,"Buckley, Jason",23,000020
Crawford,Beulah,U.S. Senate,,Democratic,"Bollier, Barbara",47,000030
Crawford,Beulah,U.S. Senate,,Republican,"Marshall, Roger",94,000030
Crawford,Beulah,U.S. Senate,,Libertarian,"Buckley, Jason",9,000030
Crawford,Sheridan - Cherokee City,U.S. Senate,,Democratic,"Bollier, Barbara",23,000033
Crawford,Sheridan - Cherokee City,U.S. Senate,,Republican,"Marshall, Roger",32,000033
Crawford,Sheridan - Cherokee City,U.S. Senate,,Libertarian,"Buckley, Jason",4,000033
Crawford,Brazilton,U.S. Senate,,Democratic,"Bollier, Barbara",10,000040
Crawford,Brazilton,U.S. Senate,,Republican,"Marshall, Roger",29,000040
Crawford,Brazilton,U.S. Senate,,Libertarian,"Buckley, Jason",2,000040
Crawford,Capaldo,U.S. Senate,,Democratic,"Bollier, Barbara",85,000050
Crawford,Capaldo,U.S. Senate,,Republican,"Marshall, Roger",160,000050
Crawford,Capaldo,U.S. Senate,,Libertarian,"Buckley, Jason",20,000050
Crawford,Cherokee,U.S. Senate,,Democratic,"Bollier, Barbara",70,000060
Crawford,Cherokee,U.S. Senate,,Republican,"Marshall, Roger",144,000060
Crawford,Cherokee,U.S. Senate,,Libertarian,"Buckley, Jason",24,000060
Crawford,Chicopee,U.S. Senate,,Democratic,"Bollier, Barbara",95,000070
Crawford,Chicopee,U.S. Senate,,Republican,"Marshall, Roger",227,000070
Crawford,Chicopee,U.S. Senate,,Libertarian,"Buckley, Jason",10,000070
Crawford,Crawford,U.S. Senate,,Democratic,"Bollier, Barbara",63,000080
Crawford,Crawford,U.S. Senate,,Republican,"Marshall, Roger",190,000080
Crawford,Crawford,U.S. Senate,,Libertarian,"Buckley, Jason",10,000080
Crawford,Crowe,U.S. Senate,,Democratic,"Bollier, Barbara",46,000090
Crawford,Crowe,U.S. Senate,,Republican,"Marshall, Roger",64,000090
Crawford,Crowe,U.S. Senate,,Libertarian,"Buckley, Jason",6,000090
Crawford,Frontenac Ward 1,U.S. Senate,,Democratic,"Bollier, Barbara",221,000110
Crawford,Frontenac Ward 1,U.S. Senate,,Republican,"Marshall, Roger",245,000110
Crawford,Frontenac Ward 1,U.S. Senate,,Libertarian,"Buckley, Jason",29,000110
Crawford,Frontenac Ward 2,U.S. Senate,,Democratic,"Bollier, Barbara",321,00012A
Crawford,Frontenac Ward 2,U.S. Senate,,Republican,"Marshall, Roger",331,00012A
Crawford,Frontenac Ward 2,U.S. Senate,,Libertarian,"Buckley, Jason",33,00012A
Crawford,Frontenac Ward 3,U.S. Senate,,Democratic,"Bollier, Barbara",110,00013A
Crawford,Frontenac Ward 3,U.S. Senate,,Republican,"Marshall, Roger",135,00013A
Crawford,Frontenac Ward 3,U.S. Senate,,Libertarian,"Buckley, Jason",22,00013A
Crawford,Frontenac Ward 3 Industrial Park,U.S. Senate,,Democratic,"Bollier, Barbara",0,00013B
Crawford,Frontenac Ward 3 Industrial Park,U.S. Senate,,Republican,"Marshall, Roger",0,00013B
Crawford,Frontenac Ward 3 Industrial Park,U.S. Senate,,Libertarian,"Buckley, Jason",0,00013B
Crawford,Frontenac Ward 4,U.S. Senate,,Democratic,"Bollier, Barbara",111,00014A
Crawford,Frontenac Ward 4,U.S. Senate,,Republican,"Marshall, Roger",121,00014A
Crawford,Frontenac Ward 4,U.S. Senate,,Libertarian,"Buckley, Jason",13,00014A
Crawford,Girard Ward 1,U.S. Senate,,Democratic,"Bollier, Barbara",50,000150
Crawford,Girard Ward 1,U.S. Senate,,Republican,"Marshall, Roger",76,000150
Crawford,Girard Ward 1,U.S. Senate,,Libertarian,"Buckley, Jason",9,000150
Crawford,Girard Ward 2,U.S. Senate,,Democratic,"Bollier, Barbara",118,00016A
Crawford,Girard Ward 2,U.S. Senate,,Republican,"Marshall, Roger",253,00016A
Crawford,Girard Ward 2,U.S. Senate,,Libertarian,"Buckley, Jason",14,00016A
Crawford,Girard Ward 3,U.S. Senate,,Democratic,"Bollier, Barbara",106,00017A
Crawford,Girard Ward 3,U.S. Senate,,Republican,"Marshall, Roger",121,00017A
Crawford,Girard Ward 3,U.S. Senate,,Libertarian,"Buckley, Jason",19,00017A
Crawford,Girard Ward 3 Exclave Golf Course,U.S. Senate,,Democratic,"Bollier, Barbara",0,00017B
Crawford,Girard Ward 3 Exclave Golf Course,U.S. Senate,,Republican,"Marshall, Roger",0,00017B
Crawford,Girard Ward 3 Exclave Golf Course,U.S. Senate,,Libertarian,"Buckley, Jason",0,00017B
Crawford,Girard Ward 4,U.S. Senate,,Democratic,"Bollier, Barbara",103,000180
Crawford,Girard Ward 4,U.S. Senate,,Republican,"Marshall, Roger",210,000180
Crawford,Girard Ward 4,U.S. Senate,,Libertarian,"Buckley, Jason",29,000180
Crawford,Grant,U.S. Senate,,Democratic,"Bollier, Barbara",40,000190
Crawford,Grant,U.S. Senate,,Republican,"Marshall, Roger",84,000190
Crawford,Grant,U.S. Senate,,Libertarian,"Buckley, Jason",8,000190
Crawford,Hepler,U.S. Senate,,Democratic,"Bollier, Barbara",9,000200
Crawford,Hepler,U.S. Senate,,Republican,"Marshall, Roger",24,000200
Crawford,Hepler,U.S. Senate,,Libertarian,"Buckley, Jason",8,000200
Crawford,Lincoln,U.S. Senate,,Democratic,"Bollier, Barbara",58,000210
Crawford,Lincoln,U.S. Senate,,Republican,"Marshall, Roger",117,000210
Crawford,Lincoln,U.S. Senate,,Libertarian,"Buckley, Jason",11,000210
Crawford,Lone Star,U.S. Senate,,Democratic,"Bollier, Barbara",220,00022A
Crawford,Lone Star,U.S. Senate,,Republican,"Marshall, Roger",347,00022A
Crawford,Lone Star,U.S. Senate,,Libertarian,"Buckley, Jason",30,00022A
Crawford,McCune,U.S. Senate,,Democratic,"Bollier, Barbara",63,000230
Crawford,McCune,U.S. Senate,,Republican,"Marshall, Roger",110,000230
Crawford,McCune,U.S. Senate,,Libertarian,"Buckley, Jason",15,000230
Crawford,Mulberry Ward 1,U.S. Senate,,Democratic,"Bollier, Barbara",29,000240
Crawford,Mulberry Ward 1,U.S. Senate,,Republican,"Marshall, Roger",36,000240
Crawford,Mulberry Ward 1,U.S. Senate,,Libertarian,"Buckley, Jason",7,000240
Crawford,Mulberry Ward 2,U.S. Senate,,Democratic,"Bollier, Barbara",35,000250
Crawford,Mulberry Ward 2,U.S. Senate,,Republican,"Marshall, Roger",46,000250
Crawford,Mulberry Ward 2,U.S. Senate,,Libertarian,"Buckley, Jason",10,000250
Crawford,North Arma,U.S. Senate,,Democratic,"Bollier, Barbara",133,000260
Crawford,North Arma,U.S. Senate,,Republican,"Marshall, Roger",202,000260
Crawford,North Arma,U.S. Senate,,Libertarian,"Buckley, Jason",22,000260
Crawford,Opolis,U.S. Senate,,Democratic,"Bollier, Barbara",69,000270
Crawford,Opolis,U.S. Senate,,Republican,"Marshall, Roger",114,000270
Crawford,Opolis,U.S. Senate,,Libertarian,"Buckley, Jason",6,000270
Crawford,Parkview,U.S. Senate,,Democratic,"Bollier, Barbara",103,000280
Crawford,Parkview,U.S. Senate,,Republican,"Marshall, Roger",187,000280
Crawford,Parkview,U.S. Senate,,Libertarian,"Buckley, Jason",17,000280
Crawford,Pittsburg Ward 1 Precinct 1,U.S. Senate,,Democratic,"Bollier, Barbara",186,000290
Crawford,Pittsburg Ward 1 Precinct 1,U.S. Senate,,Republican,"Marshall, Roger",172,000290
Crawford,Pittsburg Ward 1 Precinct 1,U.S. Senate,,Libertarian,"Buckley, Jason",29,000290
Crawford,Pittsburg Ward 1 Precinct 2,U.S. Senate,,Democratic,"Bollier, Barbara",245,000300
Crawford,Pittsburg Ward 1 Precinct 2,U.S. Senate,,Republican,"Marshall, Roger",278,000300
Crawford,Pittsburg Ward 1 Precinct 2,U.S. Senate,,Libertarian,"Buckley, Jason",37,000300
Crawford,Pittsburg Ward 1 Precinct 3,U.S. Senate,,Democratic,"Bollier, Barbara",664,000310
Crawford,Pittsburg Ward 1 Precinct 3,U.S. Senate,,Republican,"Marshall, Roger",700,000310
Crawford,Pittsburg Ward 1 Precinct 3,U.S. Senate,,Libertarian,"Buckley, Jason",71,000310
Crawford,Pittsburg Ward 2 Precinct 1,U.S. Senate,,Democratic,"Bollier, Barbara",101,000320
Crawford,Pittsburg Ward 2 Precinct 1,U.S. Senate,,Republican,"Marshall, Roger",107,000320
Crawford,Pittsburg Ward 2 Precinct 1,U.S. Senate,,Libertarian,"Buckley, Jason",30,000320
Crawford,Pittsburg Ward 2 Precinct 2,U.S. Senate,,Democratic,"Bollier, Barbara",145,000330
Crawford,Pittsburg Ward 2 Precinct 2,U.S. Senate,,Republican,"Marshall, Roger",142,000330
Crawford,Pittsburg Ward 2 Precinct 2,U.S. Senate,,Libertarian,"Buckley, Jason",30,000330
Crawford,Pittsburg Ward 2 Precinct 3,U.S. Senate,,Democratic,"Bollier, Barbara",193,000340
Crawford,Pittsburg Ward 2 Precinct 3,U.S. Senate,,Republican,"Marshall, Roger",188,000340
Crawford,Pittsburg Ward 2 Precinct 3,U.S. Senate,,Libertarian,"Buckley, Jason",24,000340
Crawford,Pittsburg Ward 2 Precinct 4,U.S. Senate,,Democratic,"Bollier, Barbara",159,000350
Crawford,Pittsburg Ward 2 Precinct 4,U.S. Senate,,Republican,"Marshall, Roger",175,000350
Crawford,Pittsburg Ward 2 Precinct 4,U.S. Senate,,Libertarian,"Buckley, Jason",6,000350
Crawford,Pittsburg Ward 2 Precinct 5,U.S. Senate,,Democratic,"Bollier, Barbara",254,000360
Crawford,Pittsburg Ward 2 Precinct 5,U.S. Senate,,Republican,"Marshall, Roger",229,000360
Crawford,Pittsburg Ward 2 Precinct 5,U.S. Senate,,Libertarian,"Buckley, Jason",25,000360
Crawford,Pittsburg Ward 3 Precinct 1,U.S. Senate,,Democratic,"Bollier, Barbara",176,000370
Crawford,Pittsburg Ward 3 Precinct 1,U.S. Senate,,Republican,"Marshall, Roger",144,000370
Crawford,Pittsburg Ward 3 Precinct 1,U.S. Senate,,Libertarian,"Buckley, Jason",19,000370
Crawford,Pittsburg Ward 3 Precinct 2,U.S. Senate,,Democratic,"Bollier, Barbara",200,00038A
Crawford,Pittsburg Ward 3 Precinct 2,U.S. Senate,,Republican,"Marshall, Roger",222,00038A
Crawford,Pittsburg Ward 3 Precinct 2,U.S. Senate,,Libertarian,"Buckley, Jason",28,00038A
Crawford,Pittsburg Ward 4 Precinct 1,U.S. Senate,,Democratic,"Bollier, Barbara",65,000390
Crawford,Pittsburg Ward 4 Precinct 1,U.S. Senate,,Republican,"Marshall, Roger",59,000390
Crawford,Pittsburg Ward 4 Precinct 1,U.S. Senate,,Libertarian,"Buckley, Jason",9,000390
Crawford,Pittsburg Ward 4 Precinct 2,U.S. Senate,,Democratic,"Bollier, Barbara",148,000400
Crawford,Pittsburg Ward 4 Precinct 2,U.S. Senate,,Republican,"Marshall, Roger",132,000400
Crawford,Pittsburg Ward 4 Precinct 2,U.S. Senate,,Libertarian,"Buckley, Jason",22,000400
Crawford,Pittsburg Ward 4 Precinct 3,U.S. Senate,,Democratic,"Bollier, Barbara",216,000410
Crawford,Pittsburg Ward 4 Precinct 3,U.S. Senate,,Republican,"Marshall, Roger",260,000410
Crawford,Pittsburg Ward 4 Precinct 3,U.S. Senate,,Libertarian,"Buckley, Jason",43,000410
Crawford,Pittsburg Ward 4 Precinct 4,U.S. Senate,,Democratic,"Bollier, Barbara",122,00042A
Crawford,Pittsburg Ward 4 Precinct 4,U.S. Senate,,Republican,"Marshall, Roger",146,00042A
Crawford,Pittsburg Ward 4 Precinct 4,U.S. Senate,,Libertarian,"Buckley, Jason",22,00042A
Crawford,Pittsburg Ward 4 Precinct 5,U.S. Senate,,Democratic,"Bollier, Barbara",311,000430
Crawford,Pittsburg Ward 4 Precinct 5,U.S. Senate,,Republican,"Marshall, Roger",369,000430
Crawford,Pittsburg Ward 4 Precinct 5,U.S. Senate,,Libertarian,"Buckley, Jason",42,000430
Crawford,Pittsburg Ward 4 Precinct 6,U.S. Senate,,Democratic,"Bollier, Barbara",35,00044A
Crawford,Pittsburg Ward 4 Precinct 6,U.S. Senate,,Republican,"Marshall, Roger",87,00044A
Crawford,Pittsburg Ward 4 Precinct 6,U.S. Senate,,Libertarian,"Buckley, Jason",5,00044A
Crawford,Raymond,U.S. Senate,,Democratic,"Bollier, Barbara",108,000450
Crawford,Raymond,U.S. Senate,,Republican,"Marshall, Roger",266,000450
Crawford,Raymond,U.S. Senate,,Libertarian,"Buckley, Jason",15,000450
Crawford,Sheridan,U.S. Senate,,Democratic,"Bollier, Barbara",22,000460
Crawford,Sheridan,U.S. Senate,,Republican,"Marshall, Roger",52,000460
Crawford,Sheridan,U.S. Senate,,Libertarian,"Buckley, Jason",4,000460
Crawford,Sherman,U.S. Senate,,Democratic,"Bollier, Barbara",91,000470
Crawford,Sherman,U.S. Senate,,Republican,"Marshall, Roger",204,000470
Crawford,Sherman,U.S. Senate,,Libertarian,"Buckley, Jason",15,000470
Crawford,Smelter,U.S. Senate,,Democratic,"Bollier, Barbara",113,000480
Crawford,Smelter,U.S. Senate,,Republican,"Marshall, Roger",221,000480
Crawford,Smelter,U.S. Senate,,Libertarian,"Buckley, Jason",5,000480
Crawford,South Arma,U.S. Senate,,Democratic,"Bollier, Barbara",167,000490
Crawford,South Arma,U.S. Senate,,Republican,"Marshall, Roger",242,000490
Crawford,South Arma,U.S. Senate,,Libertarian,"Buckley, Jason",24,000490
Crawford,Walnut,U.S. Senate,,Democratic,"Bollier, Barbara",21,000500
Crawford,Walnut,U.S. Senate,,Republican,"Marshall, Roger",46,000500
Crawford,Walnut,U.S. Senate,,Libertarian,"Buckley, Jason",6,000500
Crawford,Lincoln - Arcadia,U.S. Senate,,Democratic,"Bollier, Barbara",13,000A41
Crawford,Lincoln - Arcadia,U.S. Senate,,Republican,"Marshall, Roger",52,000A41
Crawford,Lincoln - Arcadia,U.S. Senate,,Libertarian,"Buckley, Jason",7,000A41
Crawford,Osage - McCune,U.S. Senate,,Democratic,"Bollier, Barbara",44,000A51
Crawford,Osage - McCune,U.S. Senate,,Republican,"Marshall, Roger",175,000A51
Crawford,Osage - McCune,U.S. Senate,,Libertarian,"Buckley, Jason",4,000A51
Crawford,Cherokee - Sheridan,U.S. Senate,,Democratic,"Bollier, Barbara",37,000A62
Crawford,Cherokee - Sheridan,U.S. Senate,,Republican,"Marshall, Roger",125,000A62
Crawford,Cherokee - Sheridan,U.S. Senate,,Libertarian,"Buckley, Jason",12,000A62
Crawford,Walnut - Helper,U.S. Senate,,Democratic,"Bollier, Barbara",9,000A82
Crawford,Walnut - Helper,U.S. Senate,,Republican,"Marshall, Roger",26,000A82
Crawford,Walnut - Helper,U.S. Senate,,Libertarian,"Buckley, Jason",2,000A82
Crawford,Walnut Township,U.S. Senate,,Democratic,"Bollier, Barbara",4,000A83
Crawford,Walnut Township,U.S. Senate,,Republican,"Marshall, Roger",20,000A83
Crawford,Walnut Township,U.S. Senate,,Libertarian,"Buckley, Jason",1,000A83
Crawford,Franklin,U.S. Senate,,Democratic,"Bollier, Barbara",77,700100
Crawford,Franklin,U.S. Senate,,Republican,"Marshall, Roger",133,700100
Crawford,Franklin,U.S. Senate,,Libertarian,"Buckley, Jason",17,700100
Crawford,Baker Enclave,U.S. Senate,,Democratic,"Bollier, Barbara",0,900010
Crawford,Baker Enclave,U.S. Senate,,Republican,"Marshall, Roger",0,900010
Crawford,Baker Enclave,U.S. Senate,,Libertarian,"Buckley, Jason",0,900010
Crawford,Parkview Enclave,U.S. Senate,,Democratic,"Bollier, Barbara",0,900020
Crawford,Parkview Enclave,U.S. Senate,,Republican,"Marshall, Roger",0,900020
Crawford,Parkview Enclave,U.S. Senate,,Libertarian,"Buckley, Jason",0,900020
Crawford,Pittsburg Ward 2 Precinct 5 Exclave A,U.S. Senate,,Democratic,"Bollier, Barbara",0,900030
Crawford,Pittsburg Ward 2 Precinct 5 Exclave A,U.S. Senate,,Republican,"Marshall, Roger",0,900030
Crawford,Pittsburg Ward 2 Precinct 5 Exclave A,U.S. Senate,,Libertarian,"Buckley, Jason",0,900030
Crawford,Pittsburg Ward 2 Precinct 5 Exclave B,U.S. Senate,,Democratic,"Bollier, Barbara",0,900040
Crawford,Pittsburg Ward 2 Precinct 5 Exclave B,U.S. Senate,,Republican,"Marshall, Roger",0,900040
Crawford,Pittsburg Ward 2 Precinct 5 Exclave B,U.S. Senate,,Libertarian,"Buckley, Jason",0,900040
